0, 92.7841, 27.4157, {0.8935567733,1.742709911,1.136304547,1.929630317,1.047680653}
1, 87.9855, 26.4648, {-1.984504219,-2.84885361,-1.883218571,0.9167665544,0.9272796506}
2, 81.1843, 20.994, {0.03170710457,2.162139617,0.1294508533,-1.947944935,0.1450376724}
3, 71.5947, 9.68991, {-0.9757214321,0.05753918591,-1.97712339,-1.093370023,-0.07488779568}
4, 61.4028, 9.68991, {-0.9757214321,0.05753918591,-1.97712339,-1.093370023,-0.07488779568}
5, 52.4648, 9.68991, {-0.9757214321,0.05753918591,-1.97712339,-1.093370023,-0.07488779568}
6, 46.5041, 9.68991, {-0.9757214321,0.05753918591,-1.97712339,-1.093370023,-0.07488779568}
7, 39.8744, 7.38305, {-0.9200484766,0.02358569133,0.9959895773,0.10916895,-1.063714297}
8, 34.0712, 5.7077, {-1.095791191,0.03866602115,0.03695670581,0.0260843229,-0.103456971}
9, 28.7897, 5.7077, {-1.095791191,0.03866602115,0.03695670581,0.0260843229,-0.103456971}
10, 24.8261, 5.26936, {-0.9421071011,-0.03105084747,0.0560392312,0.04046423748,-1.085794418}
11, 20.2874, 3.31693, {-1.009724817,0.0295574847,0.003906390837,0.9194066962,0.00362755911}
12, 16.9312, 2.35394, {-1.022089311,-0.001729673042,-0.003549950541,0.04589659001,-0.0637245127}
13, 15.4858, 2.35394, {-1.022089311,-0.001729673042,-0.003549950541,0.04589659001,-0.0637245127}
14, 12.3759, 1.85543, {-1.021803703,0.004912418813,-0.01163894153,0.04766887948,-0.03474348007}
15, 10.5041, 1.77248, {-1.022813946,0.00439200694,0.01842840146,0.03997559565,-0.03465011255}
16, 8.80894, 1.64473, {-1.025720394,0.02050843517,-0.01782190879,0.03858720992,-0.01055376762}
17, 7.6655, 1.50366, {-1.015180278,-0.03407448216,-0.007880354289,0.03007076578,-0.005924749497}
18, 6.56367, 1.32407, {-1.011165224,-0.01428789138,-0.004843045273,0.03328019659,-0.008079882301}
19, 5.725, 1.32407, {-1.011165224,-0.01428789138,-0.004843045273,0.03328019659,-0.008079882301}
20, 5.24941, 1.2653, {-1.012238038,-0.002996523276,0.001881328228,0.03082890769,-0.01020850748}
21, 4.78981, 1.2653, {-1.012238038,-0.002996523276,0.001881328228,0.03082890769,-0.01020850748}
22, 4.0642, 1.25044, {-1.009805739,0.003248859037,0.001706450023,0.0315159415,-0.007991734195}
23, 3.83842, 1.23143, {-1.002947168,-0.001344504786,0.002553035843,0.03233598759,-0.008818981345}
24, 3.41101, 1.23143, {-1.002947168,-0.001344504786,0.002553035843,0.03233598759,-0.008818981345}
25, 2.91009, 1.23046, {-1.006263303,-0.007160779729,0.0002306806901,0.0305657131,-0.008749607564}
26, 2.56709, 1.21893, {-1.002715922,-0.005176585324,0.003158896092,0.0305968335,-0.009934915336}
27, 2.03543, 1.21536, {-1.004527415,0.002290517564,0.004760189608,0.03021218576,-0.009026199394}
28, 1.9267, 1.21182, {-1.004609891,0.0006166981066,0.002786643339,0.03024253882,-0.008941507852}
29, 1.74558, 1.21129, {-1.002763361,-0.002671138127,0.002506122256,0.03054054852,-0.009287290652}
30, 1.61749, 1.17932, {-1.014438855,0.007178544739,-0.01550499786,0.01450413661,-0.00692744756}
31, 1.56857, 1.1248, {-1.006038436,0.0006276625973,-0.002139003199,0.02128803675,-0.008617273767}
32, 1.49892, 1.10308, {-1.007746622,0.005192338723,-0.002037562576,0.01638850148,-0.009058998925}
33, 1.43669, 1.09242, {-1.00543367,-0.005410422161,-0.003914047518,0.01557443673,-0.00972776482}
34, 1.39824, 1.08301, {-1.004384543,-0.003783663235,-0.001265006802,0.01564634455,-0.009720090123}
35, 1.33096, 1.07951, {-1.004920143,-0.003230884983,0.0009265044035,0.0156887769,-0.008352196995}
36, 1.31445, 1.07951, {-1.004920143,-0.003230884983,0.0009265044035,0.0156887769,-0.008352196995}
37, 1.27221, 1.07884, {-1.004825015,-0.002308685813,0.001282668624,0.01574384485,-0.00841863725}
38, 1.24725, 1.07787, {-1.003691939,-0.003193313664,3.889454112e-05,0.01605196204,-0.008604391067}
39, 1.18736, 1.07557, {-1.003278248,0.002123854067,0.0006559651676,0.01609028121,-0.008574406664}
40, 1.17075, 1.07557, {-1.003278248,0.002123854067,0.0006559651676,0.01609028121,-0.008574406664}
41, 1.1571, 1.07504, {-1.003313291,0.000655683811,1.922529292e-05,0.01608406528,-0.008657190396}
42, 1.14382, 1.07335, {-1.003482872,-0.0003769199186,8.427760987e-05,0.01573828537,-0.008652716365}
43, 1.14458, 1.07282, {-1.003469066,0.0004213788052,0.0001538937468,0.01580477453,-0.008384399926}
44, 1.13183, 1.0727, {-1.00350912,0.0004050734128,6.342047947e-05,0.01580854487,-0.008299853666}
45, 1.09959, 1.07229, {-1.003564453,-0.0008825696912,-0.0002014286612,0.01567474794,-0.008332972651}
46, 1.09103, 1.0718, {-1.003340036,-4.043237297e-05,5.383986382e-05,0.01565784837,-0.008491812776}
47, 1.08639, 1.07166, {-1.003528848,0.000481355775,3.953426578e-05,0.01564798444,-0.008263885604}
48, 1.08335, 1.02783, {-0.9998395681,0.003602421357,-0.001073297939,0.01070731634,-0.003622071999}
49, 1.08046, 1.02783, {-0.9998395681,0.003602421357,-0.001073297939,0.01070731634,-0.003622071999}
50, 1.07659, 1.02747, {-0.9999898573,0.002904543313,-0.0006186086622,0.01078221267,-0.003679159725}
51, 1.07124, 1.02747, {-0.9999898573,0.002904543313,-0.0006186086622,0.01078221267,-0.003679159725}
52, 1.06621, 1.02747, {-0.9999898573,0.002904543313,-0.0006186086622,0.01078221267,-0.003679159725}
53, 1.06131, 1.00996, {-0.9969003508,-0.0006109441467,-0.0004737337605,0.0006175933058,-0.008418032567}
54, 1.05652, 1.00198, {-0.9985727893,0.0007353453559,-0.001007717432,0.0009562816861,-0.004456720154}
55, 1.05201, 1.00197, {-0.9990982515,0.000945878834,-0.0005089258529,0.001511030943,-0.003841171871}
56, 1.04768, 0.998312, {-0.9979219838,-0.001407073975,-0.001069867052,-0.0008327776718,-0.002074108022}
57, 1.04245, 0.998038, {-0.9971267197,-0.0001006471541,-0.001063072735,0.0003009585262,-0.003097007279}
58, 1.03462, 0.997624, {-0.9970051786,0.000609208801,-0.0007740333517,0.0008554474761,-0.00274664316}
59, 1.02913, 0.997243, {-0.9972589254,-2.688430048e-05,-0.001071259672,0.001001556888,-0.002017801286}
60, 1.02529, 0.997218, {-0.9971646679,0.000413771904,-0.0009816269682,0.001102455798,-0.002042658558}
61, 1.02149, 0.996994, {-0.9970311932,-0.0003424625441,-0.001084425777,0.0009781437068,-0.001927549878}
62, 1.01688, 0.996861, {-0.9972784174,2.491623417e-05,-0.0008734057786,0.0007483963075,-0.001698326899}
63, 1.01267, 0.996821, {-0.9971522977,0.0001521563339,-0.0007945672169,0.0008481848605,-0.00178945622}
64, 1.01087, 0.996792, {-0.9972295401,-1.920409826e-05,-0.0009979187607,0.0003238821084,-0.001726504574}
65, 1.00886, 0.996691, {-0.9970688374,-0.0001116788202,-0.0009045457695,0.0004751930833,-0.001794912686}
66, 1.00695, 0.996572, {-0.9970561425,-0.0001282107615,-0.0009189974215,0.0002858967685,-0.001669828055}
67, 1.00426, 0.996572, {-0.9970561425,-0.0001282107615,-0.0009189974215,0.0002858967685,-0.001669828055}
68, 1.00284, 0.996572, {-0.9970561425,-0.0001282107615,-0.0009189974215,0.0002858967685,-0.001669828055}
69, 1.00082, 0.996525, {-0.9970601679,-9.000339859e-05,-0.0008551189241,0.0002529573497,-0.001634873203}
70, 1.00005, 0.996514, {-0.9970380688,-0.0001023574899,-0.000856745525,0.0002645793171,-0.001644125128}
71, 0.999062, 0.996514, {-0.9970380688,-0.0001023574899,-0.000856745525,0.0002645793171,-0.001644125128}
72, 0.998748, 0.996508, {-0.997036617,-0.0001255172715,-0.0008594836615,0.0002687803002,-0.001631945396}
73, 0.998503, 0.996508, {-0.997036617,-0.0001255172715,-0.0008594836615,0.0002687803002,-0.001631945396}
74, 0.998173, 0.996468, {-0.9969548785,-0.0002426034148,-0.0008057731574,0.000484688199,-0.001636965702}
75, 0.997861, 0.996456, {-0.9969579013,-0.0002270732873,-0.0008554046042,0.0002993264928,-0.001636904519}
76, 0.99789, 0.996446, {-0.9969741329,-0.0001215471301,-0.0008241235401,0.0002765700433,-0.001632477222}
77, 0.997872, 0.996443, {-0.9969645228,-0.0001414836313,-0.0008298567932,0.0002893104214,-0.001632765386}
78, 0.997778, 0.996421, {-0.9969753623,-0.0002549256796,-0.0006744995838,0.0002820723661,-0.001643794163}
79, 0.997413, 0.99642, {-0.9969732777,-0.0002696405706,-0.0006744562659,0.000291624579,-0.001641883524}
80, 0.997153, 0.996416, {-0.996959639,-0.0001623942166,-0.0007190076738,0.0003583943383,-0.001633652026}
81, 0.997151, 0.996408, {-0.9969665452,-0.0001815407556,-0.0006828652384,0.0003172967968,-0.00163522877}
82, 0.996868, 0.996408, {-0.9969665452,-0.0001815407556,-0.0006828652384,0.0003172967968,-0.00163522877}
83, 0.996832, 0.996405, {-0.9969599605,-0.0002138372213,-0.0007039997152,0.000285762436,-0.001632009507}
84, 0.996678, 0.996401, {-0.9969644832,-0.0001828110271,-0.0006962793301,0.0002606198733,-0.001631164534}
85, 0.996539, 0.996401, {-0.9969644832,-0.0001828110271,-0.0006962793301,0.0002606198733,-0.001631164534}
86, 0.996477, 0.996398, {-0.9969582495,-0.0001685128571,-0.0006985718429,0.0002780300903,-0.001631172982}
87, 0.996453, 0.996396, {-0.9969583901,-0.0001694091061,-0.0006967589306,0.000262369172,-0.00163116702}
88, 0.996433, 0.996396, {-0.9969583901,-0.0001694091061,-0.0006967589306,0.000262369172,-0.00163116702}
89, 0.996432, 0.996396, {-0.9969583901,-0.0001694091061,-0.0006967589306,0.000262369172,-0.00163116702}
90, 0.996427, 0.996395, {-0.9969586301,-0.0001664737258,-0.0006892585874,0.0002726017772,-0.00163121824}
91, 0.996425, 0.996395, {-0.9969586301,-0.0001664737258,-0.0006892585874,0.0002726017772,-0.00163121824}
92, 0.996415, 0.996394, {-0.9969588141,-0.0001693265072,-0.0006894412675,0.000265586481,-0.001631283023}
93, 0.996411, 0.996394, {-0.9969588699,-0.0001683791649,-0.0006898655043,0.0002641490037,-0.001631312789}
94, 0.996408, 0.996394, {-0.996958647,-0.0001670260852,-0.0006908629364,0.0002621242457,-0.001630900404}
95, 0.996407, 0.996394, {-0.9969589321,-0.000167184214,-0.0006894915422,0.0002622446835,-0.001631007982}
96, 0.996404, 0.996394, {-0.9969586678,-0.0001684194684,-0.0006899281651,0.0002623857628,-0.001630942085}
97, 0.996401, 0.996394, {-0.9969586678,-0.0001684194684,-0.0006899281651,0.0002623857628,-0.001630942085}
98, 0.9964, 0.996394, {-0.9969586726,-0.0001674968578,-0.0006900343059,0.0002623461798,-0.001630969809}
99, 0.996398, 0.996394, {-0.996958651,-0.0001671574339,-0.0006896048286,0.0002623985255,-0.00163093881}
100, 0.996398, 0.996394, {-0.996958651,-0.0001671574339,-0.0006896048286,0.0002623985255,-0.00163093881}
