0, 112.25, 21.7897, {0.01993880718,2.045945806,-0.05045747581,2.090285087,-2.180185828,-0.0291991688}
1, 107.449, 21.7897, {0.01993880718,2.045945806,-0.05045747581,2.090285087,-2.180185828,-0.0291991688}
2, 99.3167, 12.3792, {0.9299616183,1.987262692,0.9513430784,0.09346873325,-1.073297621,0.9534643142}
3, 86.8236, 12.3792, {0.9299616183,1.987262692,0.9513430784,0.09346873325,-1.073297621,0.9534643142}
4, 73.5865, 12.3792, {0.9299616183,1.987262692,0.9513430784,0.09346873325,-1.073297621,0.9534643142}
5, 59.3003, 7.95714, {-0.9671321126,0.0117750647,0.006252190436,1.136469112,0.06930159356,0.07474142409}
6, 48.0548, 6.02939, {-0.0732057846,-0.96145852,0.9231282212,-0.9661349599,-0.04153838584,-0.03718527478}
7, 39.0403, 6.02939, {-0.0732057846,-0.96145852,0.9231282212,-0.9661349599,-0.04153838584,-0.03718527478}
8, 32.1671, 4.48061, {-0.9788641827,0.09498333768,0.9970986315,0.02673773586,-0.02022918963,-0.04929707863}
9, 26.1705, 4.48061, {-0.9788641827,0.09498333768,0.9970986315,0.02673773586,-0.02022918963,-0.04929707863}
10, 21.2138, 4.36458, {0.03365402185,-0.07620402325,0.08088829179,0.9880075269,-0.04072766558,-0.04550505787}
11, 17.6699, 3.68853, {0.01814573111,-0.06583776004,-0.9841789168,0.9837655991,-0.05852399874,0.01821898058}
12, 13.8492, 2.57918, {-0.00954338377,-0.02873376157,-0.9541692098,1.013579125,-0.001381427332,0.007603860006}
13, 12.1349, 2.42389, {-0.02718204944,-0.05901687785,0.03678008014,1.011987556,-0.03048357824,-0.02143807315}
14, 10.8035, 1.78535, {-0.01702941092,-0.04489785339,0.03217239138,1.01228592,-0.005756952099,-0.01808920589}
15, 9.28954, 1.60304, {-0.02006520707,-0.004363660966,0.003563426413,1.018130174,-0.01922287605,-0.04165864028}
16, 7.9266, 1.60304, {-0.02006520707,-0.004363660966,0.003563426413,1.018130174,-0.01922287605,-0.04165864028}
17, 6.63689, 1.34908, {-0.01191943648,0.003430360513,-0.004130406374,1.010532507,-0.01759396809,-0.03265150821}
18, 5.69458, 1.26774, {-0.02653844923,0.01574179802,-0.001443405909,1.008420555,-0.0155043944,-0.001108811815}
19, 5.06834, 1.13301, {0.006505988057,0.01524948381,0.01131398417,1.001060548,0.007535107499,-0.01411958554}
20, 4.89863, 1.07274, {0.002520076313,0.004043170058,0.002963650442,1.004197701,-0.0009977943364,-0.0165671706}
21, 4.41086, 1.03953, {-0.006866265519,0.003819692636,-0.001879214977,1.004917957,-0.007753010109,0.000369911366}
22, 4.07363, 1.02329, {0.004604594724,-0.0001812273873,0.001280595512,0.9945114406,-0.005830321825,-0.009260093746}
23, 3.65797, 1.00945, {-0.0008844526667,0.002285878956,0.004900762603,0.9968308451,0.003958939504,-0.00488521792}
24, 3.38849, 1.00523, {-0.001512842764,0.001310466214,-0.0003177552918,0.9992700632,-9.471700046e-05,-0.00539196097}
25, 3.0819, 1.00322, {-0.002482038672,-0.002678568478,0.0003302086896,0.9998082643,-0.0006648370577,-0.002057419126}
26, 2.72151, 1.00095, {-0.002131957161,0.001955611931,-2.493388286e-05,0.9989134114,-0.002343492964,-0.000824922101}
27, 2.37778, 0.99839, {-0.0009160544011,0.0007380960974,0.0004605520718,0.9978155529,-0.002377572612,-0.001374000502}
28, 2.24802, 0.996482, {0.001200490869,0.0004387936807,0.001803438696,0.9950697613,-0.000259495109,-0.001645843913}
29, 2.0663, 0.996482, {0.001200490869,0.0004387936807,0.001803438696,0.9950697613,-0.000259495109,-0.001645843913}
30, 1.94957, 0.995661, {-0.0001560763921,9.939956662e-05,0.001027269465,0.9958517678,-0.0002523001838,-0.001259949438}
31, 1.90283, 0.995415, {-0.000744580799,0.0006730856419,0.0009541082121,0.9955282871,-0.0001504436645,-0.0001761449694}
32, 1.71157, 0.995348, {-0.0005039167587,0.0001281842808,0.0009546510591,0.99571747,-0.0001638703834,-0.000420930521}
33, 1.53813, 0.995348, {-0.0005039167587,0.0001281842808,0.0009546510591,0.99571747,-0.0001638703834,-0.000420930521}
34, 1.41925, 0.995258, {-0.0003233399332,0.0002275536297,0.0009586357061,0.9955502377,-0.0001555082012,-0.0002425101526}
35, 1.36363, 0.995258, {-0.0003233399332,0.0002275536297,0.0009586357061,0.9955502377,-0.0001555082012,-0.0002425101526}
36, 1.25155, 0.995255, {-0.0001361330553,0.0001831147785,0.000970690532,0.9955614717,-0.0002032543886,-0.0003006736455}
37, 1.18847, 0.995249, {3.4174991e-05,0.0003614654498,0.000963387507,0.9955517368,-0.0002090534313,-8.852346494e-05}
38, 1.12827, 0.995236, {-4.832256758e-05,0.0002487938151,0.0009590591643,0.9955508692,-0.0001900979131,-0.0001571182412}
39, 1.09553, 0.995232, {2.241943752e-05,0.0002344124564,0.0009602008919,0.9955511876,-0.0001633281013,-0.0001423951665}
40, 1.06345, 0.995231, {-5.920562609e-07,0.0002367310714,0.000960711198,0.9955519473,-0.0001767856525,-9.602656471e-05}
41, 1.04764, 0.995231, {-5.920562609e-07,0.0002367310714,0.000960711198,0.9955519473,-0.0001767856525,-9.602656471e-05}
42, 1.04921, 0.995229, {-1.343125739e-06,0.0002055713182,0.0009611269873,0.9955530689,-0.0001699293361,-0.0001010530086}
43, 1.03617, 0.995229, {-1.343125739e-06,0.0002055713182,0.0009611269873,0.9955530689,-0.0001699293361,-0.0001010530086}
44, 1.02736, 0.995227, {-2.751211589e-05,0.0002173515064,0.0009616323082,0.9955397151,-0.0001774855741,-8.709618296e-05}
45, 1.0243, 0.995226, {-1.200104717e-05,0.0002109543986,0.0009612309599,0.9955415164,-0.0001744166345,-8.959293105e-05}
46, 1.01838, 0.995226, {-1.197401154e-05,0.0002083133918,0.0009609565463,0.9955462612,-0.0001646110699,-8.148520735e-05}
47, 1.01031, 0.995225, {-2.229732316e-05,0.0002059861633,0.0009610636683,0.9955425404,-0.0001663751648,-8.695022051e-05}
48, 1.00528, 0.995225, {-3.794935865e-05,0.0002071619762,0.0009603783945,0.995540433,-0.0001655249014,-7.950657422e-05}
49, 1.0036, 0.995225, {-3.794935865e-05,0.0002071619762,0.0009603783945,0.995540433,-0.0001655249014,-7.950657422e-05}
50, 1.0024, 0.995224, {-1.68467627e-05,0.0001880084828,0.0009609653884,0.9955427639,-0.0001703030674,-8.563363074e-05}
51, 0.998284, 0.995224, {-2.29871538e-05,0.0001899725647,0.0009607556472,0.9955408503,-0.0001687109641,-8.615505828e-05}
52, 0.997217, 0.995224, {-1.646853269e-05,0.0001902068889,0.0009608163335,0.9955405649,-0.0001660550849,-8.61121352e-05}
53, 0.998371, 0.995216, {0.0001876129816,0.0002697248213,0.0009738785758,0.995277176,-0.0002585553611,-0.0002686278281}
54, 0.99721, 0.995189, {0.000134438078,0.0002351480541,0.0009620509882,0.9952814569,-0.0002086289469,-0.0001145719504}
55, 0.996419, 0.995183, {-7.060947798e-06,0.000216605267,0.000961700333,0.9952956497,-0.000181253246,-0.0001062707456}
56, 0.995789, 0.995179, {1.467315735e-05,0.0002047575302,0.0009612891033,0.9952858991,-0.000168063231,-9.260842817e-05}
57, 0.99633, 0.995179, {1.467315735e-05,0.0002047575302,0.0009612891033,0.9952858991,-0.000168063231,-9.260842817e-05}
58, 0.99742, 0.995179, {-4.878069499e-06,0.000192358945,0.0009607424867,0.9952895907,-0.0001683709743,-9.243129838e-05}
59, 0.996311, 0.995178, {-1.86449779e-05,0.0001909706874,0.0009607230048,0.9952913704,-0.0001672268342,-8.761722755e-05}
60, 0.996856, 0.995178, {-1.86449779e-05,0.0001909706874,0.0009607230048,0.9952913704,-0.0001672268342,-8.761722755e-05}
61, 0.995204, 0.995178, {-1.421864865e-05,0.0001894197858,0.0009607735505,0.9952906365,-0.0001674207617,-8.691847736e-05}
62, 0.9952, 0.995178, {-2.781400424e-05,0.0001897917674,0.0009601333276,0.9952896396,-0.0001697878609,-8.513988453e-05}
63, 0.995197, 0.995178, {-1.425275655e-05,0.0001911654626,0.0009602396679,0.9952892331,-0.0001681330747,-8.538447266e-05}
64, 0.995194, 0.995178, {-2.519476363e-05,0.0001899682528,0.0009601609011,0.9952882404,-0.00016965902,-8.55536879e-05}
65, 0.995192, 0.995178, {-1.382228801e-05,0.000189875492,0.000960277871,0.9952882659,-0.0001683189812,-8.656453453e-05}
66, 0.995189, 0.995178, {-4.280471867e-06,0.0001903089112,0.0009601912776,0.9952877408,-0.0001683521214,-8.638271787e-05}
67, 0.995187, 0.995178, {-4.860835176e-06,0.0001903163191,0.0009602254744,0.9952876541,-0.0001680024529,-8.629873366e-05}
68, 0.995185, 0.995178, {-5.653222303e-06,0.0001904273669,0.0009602487263,0.9952875063,-0.0001677794917,-8.65546492e-05}
69, 0.995184, 0.995178, {-6.174054005e-06,0.0001901040907,0.0009602074976,0.995287688,-0.0001683888969,-8.55916643e-05}
70, 0.995183, 0.995178, {-1.520234492e-05,0.0001894354396,0.00096033395,0.995287234,-0.0001675181269,-8.636368479e-05}
71, 0.995181, 0.995178, {-9.957240365e-06,0.0001894998913,0.0009603300694,0.9952873381,-0.000167561305,-8.60841159e-05}
72, 0.99518, 0.995178, {-9.957240365e-06,0.0001894998913,0.0009603300694,0.9952873381,-0.000167561305,-8.60841159e-05}
73, 0.99518, 0.995178, {-1.044027738e-05,0.0001896735621,0.000960227004,0.99528743,-0.0001676177951,-8.588143701e-05}
74, 0.995179, 0.995178, {-1.136020383e-05,0.0001894394804,0.0009602307494,0.995287327,-0.0001675914722,-8.605336855e-05}
75, 0.995179, 0.995178, {-6.639799442e-06,0.0001895019804,0.0009602007509,0.9952872663,-0.0001677209694,-8.628707916e-05}
76, 0.995179, 0.995178, {-6.925091533e-06,0.0001894919541,0.0009602415496,0.9952873252,-0.0001675835428,-8.551241342e-05}
