0, 183.942, 97.415, {0.7723761527,-1.053604747,-2.952919067,0.2551220326,2.027012714,-0.7552725873,-3.855563135,1.322518211,0.06200737716,-0.6374307569}
1, 177.232, 82.5685, {2.842624402,-1.314171356,-1.935277777,2.029354598,-1.75164449,0.9233365083,2.501028561,-0.09847674453,-0.9092319182,-0.003181961559}
2, 171.189, 53.4689, {-0.9092779862,1.892521302,0.9394222249,2.084138519,-0.732138083,-0.8607567189,-2.850269166,-1.035360897,1.079205787,0.185012541}
3, 156.756, 44.1489, {1.928335576,2.078415546,-0.9262239252,-0.04903023732,-0.09568549606,-1.124846861,-0.93331474,0.8328490547,-1.96670897,1.733395992}
4, 140.685, 44.1489, {1.928335576,2.078415546,-0.9262239252,-0.04903023732,-0.09568549606,-1.124846861,-0.93331474,0.8328490547,-1.96670897,1.733395992}
5, 126.516, 44.1489, {1.928335576,2.078415546,-0.9262239252,-0.04903023732,-0.09568549606,-1.124846861,-0.93331474,0.8328490547,-1.96670897,1.733395992}
6, 107.881, 44.1489, {1.928335576,2.078415546,-0.9262239252,-0.04903023732,-0.09568549606,-1.124846861,-0.93331474,0.8328490547,-1.96670897,1.733395992}
7, 98.5099, 44.1489, {1.928335576,2.078415546,-0.9262239252,-0.04903023732,-0.09568549606,-1.124846861,-0.93331474,0.8328490547,-1.96670897,1.733395992}
8, 89.7964, 44.1489, {1.928335576,2.078415546,-0.9262239252,-0.04903023732,-0.09568549606,-1.124846861,-0.93331474,0.8328490547,-1.96670897,1.733395992}
9, 80.7772, 32.8591, {-0.9351179521,1.955578391,-0.9963220329,-0.0638982462,-0.1505971715,-1.070966914,0.06678672401,1.077990749,-1.76559836,0.8794004118}
10, 73.2045, 32.8591, {-0.9351179521,1.955578391,-0.9963220329,-0.0638982462,-0.1505971715,-1.070966914,0.06678672401,1.077990749,-1.76559836,0.8794004118}
11, 66.2147, 26.159, {-1.147272044,-0.07721554551,-1.110272224,-0.06393469639,-0.8674300018,-1.026941617,0.08053805305,1.081756043,-1.111038646,0.1227576888}
12, 59.2907, 26.159, {-1.147272044,-0.07721554551,-1.110272224,-0.06393469639,-0.8674300018,-1.026941617,0.08053805305,1.081756043,-1.111038646,0.1227576888}
13, 54.0416, 26.159, {-1.147272044,-0.07721554551,-1.110272224,-0.06393469639,-0.8674300018,-1.026941617,0.08053805305,1.081756043,-1.111038646,0.1227576888}
14, 51.533, 26.159, {-1.147272044,-0.07721554551,-1.110272224,-0.06393469639,-0.8674300018,-1.026941617,0.08053805305,1.081756043,-1.111038646,0.1227576888}
15, 49.0405, 20.2864, {-0.06244171917,1.00237945,-0.9477822245,0.901668357,-0.9756770149,0.8532194571,-0.08204125245,-0.847612913,-0.0344375859,-0.1064026129}
16, 46.3764, 20.2864, {-0.06244171917,1.00237945,-0.9477822245,0.901668357,-0.9756770149,0.8532194571,-0.08204125245,-0.847612913,-0.0344375859,-0.1064026129}
17, 42.8016, 20.2864, {-0.06244171917,1.00237945,-0.9477822245,0.901668357,-0.9756770149,0.8532194571,-0.08204125245,-0.847612913,-0.0344375859,-0.1064026129}
18, 39.4185, 19.2465, {1.108446437,-0.9112032498,-1.00837277,-0.05483268414,0.8900291444,-0.9650379034,-0.05850212506,0.881143155,-0.9298101754,-0.09187251345}
19, 36.229, 16.4266, {0.8931006849,-0.9001735004,-1.011502795,-0.06286694162,0.9491068906,-0.9587181312,-0.02800643226,1.061938167,-0.9390269774,-0.1175838132}
20, 34.1584, 14.1388, {1.116494648,-0.8904730556,-1.007052233,-0.05800279295,0.970493776,-0.949140401,-0.06655717179,0.9898672427,-0.9904814513,-0.03118719238}
21, 31.6016, 12.4392, {0.9976051185,-0.8742315828,-1.008602083,-0.05118032612,0.940268027,-0.951808217,-0.0476907841,1.006536471,-1.056862536,-0.00688873874}
22, 28.7349, 11.9714, {0.9714042721,-0.8851586392,-1.011374548,-0.05364870445,0.9561056627,-0.9587101623,-0.04801566151,1.030008338,-1.048452075,-0.03016510394}
23, 27.0757, 11.3924, {1.018991631,-0.8926454485,-1.00912894,-0.0583471547,0.9522607086,-0.9507773267,-0.06344874487,0.9926770922,-0.9898080181,-0.01974579125}
24, 25.7978, 10.7898, {1.01070887,-0.8958829502,-1.008798174,-0.04942107466,0.9547900935,-0.9532180181,-0.03982352582,1.004411075,-1.037377741,-0.01395319824}
25, 24.1659, 10.7433, {1.011461711,-0.9005078373,-1.008454808,-0.04836536063,0.9547857794,-0.9511098268,-0.05493229012,1.020083754,-1.017136751,-0.007143348486}
26, 22.7331, 10.5834, {1.005988587,-0.8988578477,-1.009151572,-0.04780767395,0.968401645,-0.9518662055,-0.05631083554,1.010583832,-1.023735101,8.437238369e-05}
27, 20.9513, 10.4315, {0.9945859766,-0.8962400504,-1.008792137,-0.04789167519,0.9554081571,-0.9552652296,-0.04051818657,1.00367677,-1.014568935,-0.02069321768}
28, 19.8815, 10.4009, {0.9984289485,-0.8976502777,-1.008862166,-0.05004102803,0.9654058516,-0.9521908755,-0.04749290051,1.016107507,-1.006769564,0.003154407602}
29, 19.5714, 10.2533, {0.9981393684,-0.8967984479,-1.008823823,-0.04946809812,0.9650240054,-0.9540424558,-0.04139564083,1.007374212,-1.01126588,-0.001422018549}
30, 18.4817, 10.248, {0.9975062341,-0.8975567952,-1.008966224,-0.048755581,0.9640906985,-0.9551526804,-0.04298070664,1.013540758,-1.007456535,0.0001306754064}
31, 16.9967, 10.2372, {0.9944391864,-0.8952942248,-1.008992427,-0.04900048888,0.9641705097,-0.9555506893,-0.0341467729,1.008985017,-1.016607436,-0.007793897749}
32, 15.7729, 10.1576, {0.9993791667,-0.8983070998,-1.008799466,-0.04826089683,0.9660314372,-0.9542967918,-0.03459896538,1.011681948,-1.016605673,-0.01276793487}
33, 14.9688, 10.1325, {0.9972571227,-0.8977528028,-1.009060686,-0.04842907529,0.9644094415,-0.9571120497,-0.0338709923,1.009036283,-1.018032061,-0.01081667377}
34, 14.6512, 10.1012, {0.9973070271,-0.8982431964,-1.00901139,-0.04838488506,0.9651490506,-0.9569053153,-0.03430308983,1.010821009,-1.015968455,-0.009494006229}
35, 14.1323, 10.0879, {0.9987116694,-0.8979742723,-1.008923677,-0.04844278564,0.9653441038,-0.9565516124,-0.03444594857,1.0110427,-1.012787071,-0.007367730983}
36, 13.9007, 10.0458, {0.9957367944,-0.8981502488,-1.008971472,-0.04864575949,0.9658880978,-0.9569917844,-0.0350560543,1.009248538,-1.010587605,-0.004155686089}
37, 12.9845, 10.0458, {0.9957367944,-0.8981502488,-1.008971472,-0.04864575949,0.9658880978,-0.9569917844,-0.0350560543,1.009248538,-1.010587605,-0.004155686089}
38, 12.2874, 10.0458, {0.9957367944,-0.8981502488,-1.008971472,-0.04864575949,0.9658880978,-0.9569917844,-0.0350560543,1.009248538,-1.010587605,-0.004155686089}
39, 12.1125, 10.0391, {0.9956921187,-0.8981459075,-1.008936813,-0.04876193909,0.9655445736,-0.9569173252,-0.03518454538,1.009569632,-1.007816626,-0.002788945083}
40, 11.8958, 10.0339, {0.996876827,-0.8981945867,-1.008978152,-0.04852604713,0.9658603675,-0.9566375984,-0.03430226644,1.009115077,-1.009311761,-0.006255383371}
41, 11.6124, 10.0266, {0.9961396249,-0.8983645806,-1.008942373,-0.04845271943,0.9654157854,-0.9567355926,-0.0344834742,1.009647653,-1.008900263,-0.002918107936}
42, 11.3896, 10.0183, {0.996154962,-0.8984468378,-1.008957615,-0.04860877853,0.9658601313,-0.9567744095,-0.03456806977,1.009665853,-1.007882811,-0.004015865769}
43, 11.2237, 10.0183, {0.996154962,-0.8984468378,-1.008957615,-0.04860877853,0.9658601313,-0.9567744095,-0.03456806977,1.009665853,-1.007882811,-0.004015865769}
44, 10.8737, 10.0155, {0.9957946581,-0.8983695829,-1.008971241,-0.04864012962,0.9657292458,-0.9568081866,-0.03440262336,1.009551742,-1.007174214,-0.003594636407}
45, 10.5768, 9.75104, {0.9968815879,-0.8971976376,-1.00930442,-0.04595732319,0.9672011213,-0.9686399968,-0.02529586921,1.01349268,-0.998341886,-0.009545622381}
46, 10.331, 9.75104, {0.9968815879,-0.8971976376,-1.00930442,-0.04595732319,0.9672011213,-0.9686399968,-0.02529586921,1.01349268,-0.998341886,-0.009545622381}
47, 10.2482, 9.75104, {0.9968815879,-0.8971976376,-1.00930442,-0.04595732319,0.9672011213,-0.9686399968,-0.02529586921,1.01349268,-0.998341886,-0.009545622381}
48, 10.2816, 9.75104, {0.9968815879,-0.8971976376,-1.00930442,-0.04595732319,0.9672011213,-0.9686399968,-0.02529586921,1.01349268,-0.998341886,-0.009545622381}
49, 10.3582, 9.69995, {1.001245069,-0.9299908671,-1.012039854,-0.0513253303,0.9578109091,-0.9468058,-0.04950020106,1.016202984,-1.00443683,-0.008216273453}
50, 10.2575, 9.37542, {0.9984777218,-0.9275840076,-1.011889838,-0.05122587033,0.9602500581,-0.9575522303,-0.04206638521,1.013581702,-1.004832913,-0.003433730482}
51, 10.1219, 9.08977, {0.9984766148,-0.9269393456,-1.009690154,-0.05040866847,0.9656680599,-0.9619815347,-0.03325632463,1.012876347,-1.002401316,-0.003937836386}
52, 9.89991, 9.01008, {0.9981956389,-0.9253418573,-1.009249158,-0.04804320438,0.9665282294,-0.9648113389,-0.03113834252,1.012546733,-1.002353965,-0.004477223841}
53, 9.82022, 8.95846, {0.9968309529,-0.9262594632,-1.00956391,-0.04758636331,0.9658899412,-0.9663284793,-0.02968932909,1.012383719,-1.004060924,-0.006325924022}
54, 9.86791, 8.95846, {0.9968309529,-0.9262594632,-1.00956391,-0.04758636331,0.9658899412,-0.9663284793,-0.02968932909,1.012383719,-1.004060924,-0.006325924022}
55, 9.64257, 8.94881, {0.996829635,-0.9255730334,-1.00958702,-0.04624104523,0.9645301687,-0.9662179374,-0.02840240272,1.013289022,-0.9989015954,-0.006839543499}
56, 9.59588, 8.93087, {0.9970024872,-0.9251679648,-1.009570196,-0.0478099356,0.9664652526,-0.9683183717,-0.02648381318,1.013396601,-1.00060582,-0.008330887225}
57, 9.50751, 8.91677, {0.9976689952,-0.925553812,-1.009460676,-0.04627791598,0.9662997698,-0.9662116802,-0.02661954651,1.013068345,-0.9996197207,-0.009052234052}
58, 9.46676, 8.91677, {0.9976689952,-0.925553812,-1.009460676,-0.04627791598,0.9662997698,-0.9662116802,-0.02661954651,1.013068345,-0.9996197207,-0.009052234052}
59, 9.471, 8.91307, {0.9976119345,-0.9254896,-1.00943738,-0.04627066723,0.9660118423,-0.9662658838,-0.02665141196,1.012792012,-1.000074448,-0.006840070737}
60, 9.52772, 8.90606, {0.997341901,-0.9252771268,-1.009555474,-0.04630052077,0.9662964417,-0.9672791879,-0.02671255347,1.012810942,-1.000449593,-0.006574382033}
61, 9.36831, 8.90355, {0.9976380248,-0.9255390836,-1.009319679,-0.04628268957,0.9662642374,-0.9663635363,-0.02617302336,1.012752476,-1.000427396,-0.007096004391}
62, 9.2998, 8.89154, {0.997537001,-0.9254772131,-1.009372372,-0.04626652522,0.9668464731,-0.9669559009,-0.02611831264,1.012896676,-0.9994846596,-0.007429823155}
63, 9.31413, 8.88283, {0.9972775019,-0.9258399464,-1.009388046,-0.04611733092,0.9667495602,-0.9672723759,-0.02678515837,1.012835081,-0.99950869,-0.007279898741}
64, 9.1501, 8.88283, {0.9972775019,-0.9258399464,-1.009388046,-0.04611733092,0.9667495602,-0.9672723759,-0.02678515837,1.012835081,-0.99950869,-0.007279898741}
65, 9.12359, 8.77699, {0.9926379974,-0.9275951346,-0.9913070975,-0.04328066682,0.9875143185,-0.9659515143,-0.03699907563,1.01724118,-1.000816758,-0.004475373139}
66, 9.11063, 8.71751, {0.9964246508,-0.9273370176,-0.9931124471,-0.04624411374,0.9850887947,-0.9659819217,-0.02923444246,1.013712882,-1.001056831,-0.00707816157}
67, 9.0207, 8.66055, {0.9964684035,-0.934220258,-1.004646413,-0.04402376868,0.9738849707,-0.9621793854,-0.0308851539,1.014473846,-1.000384352,-0.005115924526}
68, 8.9264, 8.64594, {0.9952745028,-0.9326903308,-1.004881093,-0.04516541435,0.9757974022,-0.9649073756,-0.02909861513,1.014296961,-1.000437618,-0.005130165696}
69, 8.88156, 8.59503, {0.9968408281,-0.9330276144,-0.9980903359,-0.04439895995,0.9792665745,-0.9653803365,-0.03034092636,1.01473116,-1.000347914,-0.004706068518}
70, 8.85589, 8.58971, {0.9970156464,-0.9319736718,-1.006372479,-0.04554223267,0.9834756868,-0.9664186147,-0.02693502112,1.014340234,-1.000177642,-0.005495212697}
71, 8.8235, 8.57488, {0.9970085398,-0.9323973268,-0.998246249,-0.04461895838,0.980910684,-0.9657770519,-0.02832516407,1.014427081,-1.000281077,-0.00506405023}
72, 8.79418, 8.55937, {0.9972883949,-0.9340025457,-1.000879942,-0.04396104958,0.9764372873,-0.9667150403,-0.03021041587,1.012786702,-1.000253019,-0.005618612356}
73, 8.74915, 8.20803, {1.017557108,-0.958583387,-0.9697212423,-0.05804700517,1.004857757,-0.9859981849,0.008905088712,1.001039243,-0.99583523,-0.01346295472}
74, 8.71223, 7.87307, {1.003640417,-0.9574589394,-1.008054209,-0.04888529256,1.002578291,-0.9847387325,-0.005815010653,1.012666958,-0.9975500805,-0.006978243974}
75, 8.67318, 7.83872, {1.002526503,-0.9558268158,-0.9986481621,-0.04883435284,1.001561242,-0.9850749881,-0.005827299028,1.009346837,-0.9989353198,-0.007181687877}
76, 8.60032, 7.83872, {1.002526503,-0.9558268158,-0.9986481621,-0.04883435284,1.001561242,-0.9850749881,-0.005827299028,1.009346837,-0.9989353198,-0.007181687877}
77, 8.48522, 7.82077, {0.9980836043,-0.9574382768,-1.003798724,-0.04721949384,0.9928212331,-0.9790722517,-0.01019459281,1.009126067,-0.9977113854,-0.006927714772}
78, 8.37861, 7.76011, {1.004882124,-0.9573978023,-0.989983202,-0.04672799165,0.9941410841,-0.9842397457,-0.006760278236,1.004205644,-0.9989824066,-0.007430410438}
79, 8.32485, 7.76011, {1.004882124,-0.9573978023,-0.989983202,-0.04672799165,0.9941410841,-0.9842397457,-0.006760278236,1.004205644,-0.9989824066,-0.007430410438}
80, 8.27783, 7.74885, {1.001681407,-0.9567488271,-0.9920353231,-0.0464042229,0.9934530018,-0.9849587065,-0.006516255682,1.004573619,-0.9995029199,-0.007366875811}
81, 8.22077, 7.74608, {1.00111569,-0.9568672798,-0.9936116833,-0.04659600076,0.9965310073,-0.9847161943,-0.005896613439,1.004331259,-0.9993179093,-0.007380251305}
82, 8.18893, 7.74608, {1.00111569,-0.9568672798,-0.9936116833,-0.04659600076,0.9965310073,-0.9847161943,-0.005896613439,1.004331259,-0.9993179093,-0.007380251305}
83, 8.11744, 7.74234, {0.9998918773,-0.9572106632,-0.9944287317,-0.04681530559,0.9930705513,-0.9845552305,-0.006455118764,1.003893956,-0.9990436303,-0.007431669925}
84, 8.02681, 7.74144, {1.000125097,-0.9572994442,-0.9926893189,-0.04662070238,0.9953217303,-0.9841867158,-0.00646993222,1.004281743,-0.9992364833,-0.007401226438}
85, 7.98549, 7.74046, {1.00005379,-0.957218425,-0.9929499386,-0.0466935532,0.99555064,-0.9846678096,-0.005982912232,1.00432561,-0.9991633519,-0.007395683579}
86, 7.93891, 7.73748, {0.9995417037,-0.957274365,-0.9953493698,-0.04668582654,0.9916571753,-0.9849138961,-0.005711129591,1.004097287,-0.9991712774,-0.007426684427}
87, 7.91339, 7.73584, {1.000168522,-0.9571843358,-0.9926631629,-0.04655898004,0.9941037343,-0.9849224398,-0.005421572514,1.004074326,-0.9990923937,-0.007431543868}
88, 7.88441, 7.64311, {0.9984420778,-0.9567939443,-1.005155594,-0.03549307837,0.9942570687,-0.9843123585,-0.0129477595,0.9925137886,-0.9980501442,-0.01752602987}
89, 7.85578, 7.56281, {0.9986927697,-0.9570324945,-0.9996375754,-0.03570181154,0.9943648514,-0.9845730435,-0.006922094967,1.000799838,-0.9980997295,-0.009075490391}
90, 7.82994, 7.56281, {0.9986927697,-0.9570324945,-0.9996375754,-0.03570181154,0.9943648514,-0.9845730435,-0.006922094967,1.000799838,-0.9980997295,-0.009075490391}
91, 7.79955, 7.55803, {1.000462109,-0.9571714363,-0.9984626717,-0.03609848898,0.9945044947,-0.9847124834,-0.007127416388,0.9966371591,-0.9988212756,-0.007747291858}
92, 7.77712, 7.55666, {1.000241731,-0.9571405316,-0.9980959243,-0.03603768011,0.9943928493,-0.9846897418,-0.00695105644,0.9969715083,-0.9987993055,-0.007797927629}
93, 7.73601, 7.55666, {1.000241731,-0.9571405316,-0.9980959243,-0.03603768011,0.9943928493,-0.9846897418,-0.00695105644,0.9969715083,-0.9987993055,-0.007797927629}
94, 7.72212, 7.55532, {0.9992841306,-0.9571323607,-0.9972598652,-0.03590378622,0.994296547,-0.9846650175,-0.006917886434,0.9994287841,-0.9983757119,-0.007981624406}
95, 7.6916, 7.51032, {1.000385449,-0.9589438136,-0.9986233071,-0.03362151199,1.001920464,-0.9841678051,-0.007058007593,0.9971426872,-0.992998864,-0.008371109098}
96, 7.66997, 7.51032, {1.000385449,-0.9589438136,-0.9986233071,-0.03362151199,1.001920464,-0.9841678051,-0.007058007593,0.9971426872,-0.992998864,-0.008371109098}
97, 7.64006, 7.50302, {1.000240562,-0.9587619479,-0.998408571,-0.03373812537,0.9973991957,-0.9844319352,-0.007053227045,0.9984990229,-0.9957248394,-0.007698632688}
98, 7.62301, 7.50302, {1.000240562,-0.9587619479,-0.998408571,-0.03373812537,0.9973991957,-0.9844319352,-0.007053227045,0.9984990229,-0.9957248394,-0.007698632688}
99, 7.60909, 7.50302, {1.000240562,-0.9587619479,-0.998408571,-0.03373812537,0.9973991957,-0.9844319352,-0.007053227045,0.9984990229,-0.9957248394,-0.007698632688}
100, 7.60314, 7.50146, {1.000255167,-0.958743233,-0.9962988877,-0.03386744914,0.9972480303,-0.9844313562,-0.006834087157,0.9975523272,-0.9951382039,-0.007837324555}
101, 7.58033, 7.50146, {1.000255167,-0.958743233,-0.9962988877,-0.03386744914,0.9972480303,-0.9844313562,-0.006834087157,0.9975523272,-0.9951382039,-0.007837324555}
102, 7.56383, 7.50071, {1.000282169,-0.958859122,-0.9977089948,-0.03368836197,0.9970778893,-0.9842074492,-0.007042166116,0.9973586777,-0.9944862062,-0.008111061658}
103, 7.55377, 7.49948, {1.000341945,-0.9588266454,-0.9974070691,-0.0336882727,0.9973656706,-0.9844215076,-0.006628538015,0.9975433385,-0.9946404581,-0.008142634363}
104, 7.54082, 7.49948, {1.000341945,-0.9588266454,-0.9974070691,-0.0336882727,0.9973656706,-0.9844215076,-0.006628538015,0.9975433385,-0.9946404581,-0.008142634363}
105, 7.5274, 7.49852, {1.000250195,-0.9588613617,-0.9969910383,-0.03369065164,0.9969456346,-0.9843359902,-0.006736317747,0.9973280268,-0.995071834,-0.008147005346}
106, 7.52241, 7.49781, {1.000226639,-0.9587970395,-0.9959188161,-0.03375229729,0.9967515846,-0.9845142045,-0.006655782722,0.9974572318,-0.9962059743,-0.007804746529}
107, 7.51899, 7.49754, {1.000235152,-0.9588117577,-0.9962207514,-0.03373624545,0.9968355477,-0.984489592,-0.006643628158,0.9974783417,-0.995192182,-0.00785119}
108, 7.51539, 7.49738, {1.000244663,-0.9588278623,-0.9960364346,-0.03374105135,0.9968884762,-0.9844594596,-0.006616433302,0.9974692882,-0.9956242276,-0.007823517739}
109, 7.51221, 7.47592, {0.9970182664,-0.9649759001,-0.997325407,-0.03368114121,0.9978611979,-0.9775396706,-0.006900439778,0.9963546183,-0.9961316123,-0.01344314957}
110, 7.50719, 7.43994, {0.9976076885,-0.9642608533,-0.9971765932,-0.03370233851,0.9975662873,-0.9825150665,-0.00665688803,0.9973920519,-0.9956910544,-0.01013339575}
111, 7.50336, 7.4373, {0.9978112948,-0.9638501759,-0.9968196221,-0.03371401119,0.9975156827,-0.9832712621,-0.006526137022,0.9976841995,-0.995205886,-0.009105659498}
112, 7.49798, 7.43286, {1.000097685,-0.9644406787,-0.9971704886,-0.033712084,0.9973609717,-0.983802073,-0.006814132068,0.9969635107,-0.9957589619,-0.009426810394}
113, 7.49116, 7.4256, {0.9981414427,-0.9647374608,-0.9972432473,-0.03369079087,0.9971586563,-0.9830583585,-0.006692849499,0.9969370521,-0.9960399227,-0.008516724982}
114, 7.4885, 7.42408, {0.999262884,-0.9644558486,-0.9967304385,-0.03370291656,0.997066303,-0.9842317763,-0.00658411591,0.9972357521,-0.9950608376,-0.008306866543}
115, 7.48149, 7.42372, {0.9982490903,-0.9647308485,-0.9972362086,-0.03369026616,0.9971624029,-0.9836196375,-0.006680708847,0.9968598371,-0.9957906949,-0.008714658329}
116, 7.47207, 7.42354, {0.9987898609,-0.9646043477,-0.9968066789,-0.03369308914,0.99709007,-0.9840270585,-0.006600439867,0.9971027048,-0.9956058559,-0.008656270129}
117, 7.46603, 7.39877, {1.000213044,-0.968715195,-0.998953781,-0.03464316461,0.9976348074,-0.9821979372,-0.00510749127,0.994196189,-0.9957986933,-0.008137388125}
118, 7.45906, 7.2824, {1.001518096,-0.9772600553,-0.9942744018,-0.03010994051,0.9970600722,-0.9795018527,-0.007220885939,0.9962174179,-0.9942621623,-0.006672222516}
119, 7.45362, 7.2824, {1.001518096,-0.9772600553,-0.9942744018,-0.03010994051,0.9970600722,-0.9795018527,-0.007220885939,0.9962174179,-0.9942621623,-0.006672222516}
120, 7.44052, 7.2824, {1.001518096,-0.9772600553,-0.9942744018,-0.03010994051,0.9970600722,-0.9795018527,-0.007220885939,0.9962174179,-0.9942621623,-0.006672222516}
121, 7.42828, 7.2678, {1.001276676,-0.9771232325,-0.9943723061,-0.03017941899,0.9970633507,-0.9824558412,-0.007185636687,0.9962263922,-0.9944242251,-0.006942007477}
122, 7.40962, 7.2678, {1.001276676,-0.9771232325,-0.9943723061,-0.03017941899,0.9970633507,-0.9824558412,-0.007185636687,0.9962263922,-0.9944242251,-0.006942007477}
123, 7.39569, 7.2678, {1.001276676,-0.9771232325,-0.9943723061,-0.03017941899,0.9970633507,-0.9824558412,-0.007185636687,0.9962263922,-0.9944242251,-0.006942007477}
124, 7.37635, 7.26463, {1.001415658,-0.9771092699,-0.9944752284,-0.03017213845,0.9969799959,-0.9830200608,-0.007021150139,0.9962220678,-0.9946447896,-0.006862233509}
125, 7.36314, 7.26463, {1.001415658,-0.9771092699,-0.9944752284,-0.03017213845,0.9969799959,-0.9830200608,-0.007021150139,0.9962220678,-0.9946447896,-0.006862233509}
126, 7.34927, 7.26446, {1.00104413,-0.9770734509,-0.9944772084,-0.0301784864,0.9969870593,-0.9829428842,-0.00702305498,0.9962718214,-0.9946284389,-0.006870414216}
127, 7.33633, 7.26386, {1.000736982,-0.9770801572,-0.9952480664,-0.03018285824,0.9970487048,-0.9829985873,-0.007019366697,0.9963283225,-0.9948030966,-0.007000442949}
128, 7.32865, 7.26385, {1.000605856,-0.977093454,-0.9952569873,-0.03018544133,0.9971049879,-0.9829674003,-0.006996595846,0.9962586526,-0.9947735794,-0.007090950386}
129, 7.31253, 7.2636, {1.000679458,-0.9770758559,-0.994518854,-0.03017958591,0.9970410314,-0.9829661871,-0.007011342433,0.9962606875,-0.9946553641,-0.006913284912}
130, 7.30561, 7.25539, {1.001263665,-0.9794482177,-0.9883889702,-0.03112534597,0.9987349019,-0.9881601934,-0.005991725684,0.9962319696,-0.9980882383,-0.008298664558}
131, 7.29883, 7.2396, {1.001295507,-0.9792374631,-0.9937294074,-0.0305115351,0.9981832205,-0.9879417697,-0.006745976508,0.9962293051,-0.9960135204,-0.007836113853}
132, 7.29068, 7.2396, {1.001295507,-0.9792374631,-0.9937294074,-0.0305115351,0.9981832205,-0.9879417697,-0.006745976508,0.9962293051,-0.9960135204,-0.007836113853}
133, 7.28288, 7.20673, {0.9978043787,-0.9883133587,-0.989812291,-0.03024803398,0.9956747445,-0.9817324436,0.0003142707966,0.9966892166,-0.9902101543,-0.005319562647}
134, 7.27798, 7.19245, {0.9994567263,-0.9876117509,-0.9923557946,-0.0303464343,0.9958633447,-0.9852643647,-0.003524231863,0.9964837835,-0.9928222277,-0.005908084263}
135, 7.27304, 7.19245, {0.9994567263,-0.9876117509,-0.9923557946,-0.0303464343,0.9958633447,-0.9852643647,-0.003524231863,0.9964837835,-0.9928222277,-0.005908084263}
136, 7.26576, 7.18912, {0.9988857328,-0.9869415368,-0.9945271778,-0.03054601613,0.9962488601,-0.9865574415,-0.002702324024,0.9962526212,-0.9944145365,-0.006299329029}
137, 7.25631, 7.18822, {0.999239515,-0.9870018648,-0.9932906969,-0.03043024478,0.9966801598,-0.9869697332,-0.002818504592,0.9964030257,-0.9933227758,-0.006295946721}
138, 7.24789, 7.18661, {0.9990640445,-0.9873596324,-0.992356137,-0.03029747016,0.9957095537,-0.9860846277,-0.0001234878538,0.996681993,-0.9925526556,-0.005835146563}
139, 7.23589, 7.18436, {0.9989929516,-0.9877021731,-0.9932355924,-0.03036354592,0.9960279852,-0.9867585844,-0.001593873458,0.99659539,-0.9925345979,-0.006061606782}
140, 7.22783, 7.18436, {0.9989929516,-0.9877021731,-0.9932355924,-0.03036354592,0.9960279852,-0.9867585844,-0.001593873458,0.99659539,-0.9925345979,-0.006061606782}
141, 7.21825, 7.16633, {0.9994053715,-0.9867348669,-0.9933591384,-0.02848275998,0.9976271535,-0.9869035793,-0.001998849235,0.99587595,-0.9955410503,-0.006338317376}
142, 7.21202, 7.16271, {0.9975346851,-0.9873599131,-0.9925340492,-0.02843681317,1.000139995,-0.9875709542,-0.00196409537,0.9951994986,-0.9960060333,-0.0059139596}
143, 7.20667, 7.16271, {0.9975346851,-0.9873599131,-0.9925340492,-0.02843681317,1.000139995,-0.9875709542,-0.00196409537,0.9951994986,-0.9960060333,-0.0059139596}
144, 7.20124, 7.15038, {0.9998137787,-0.9857663047,-0.9910739063,-0.02711781945,0.9969381198,-0.9908647755,-0.000519839021,0.9979218651,-0.9987029685,-0.0059561922}
145, 7.19712, 7.14974, {0.9997097937,-0.9862333693,-0.9915118857,-0.02739750068,0.9960727675,-0.9892602042,-0.001518440513,0.9965712699,-0.9953817613,-0.005882293639}
146, 7.19007, 7.14566, {0.9997129328,-0.9859765074,-0.9911771629,-0.02685811031,0.9963937152,-0.9903529997,0.0003940547376,0.9986113907,-0.9968875689,-0.005871691974}
147, 7.18526, 7.14463, {0.9992959088,-0.9869920204,-0.9925670648,-0.02703766781,0.9976354307,-0.9881075712,-0.0003310067216,0.9956448435,-0.9956567831,-0.005879436619}
148, 7.18098, 7.13986, {0.9993501748,-0.9869403056,-0.992155562,-0.02706541659,0.9961702506,-0.9903071898,-0.0006607622562,0.9964983849,-0.9943117771,-0.005865049047}
149, 7.17361, 7.11413, {1.000270271,-0.9873334651,-0.9893336029,-0.02417171119,0.9984001571,-0.9916254859,-0.0002037334586,0.9953561175,-0.9976829449,-0.004642558517}
150, 7.16895, 7.11413, {1.000270271,-0.9873334651,-0.9893336029,-0.02417171119,0.9984001571,-0.9916254859,-0.0002037334586,0.9953561175,-0.9976829449,-0.004642558517}
151, 7.16463, 7.0862, {0.9985478692,-0.9930250894,-0.9928172009,-0.0214613247,0.9973991216,-0.9875400428,0.00116547769,0.9982982167,-1.000418541,-0.005295755745}
152, 7.15432, 7.08612, {0.9988862997,-0.9920888469,-0.9923443176,-0.02172519049,0.997509223,-0.9887228651,0.0001688622536,0.9977453043,-1.000408276,-0.005233264699}
153, 7.14817, 7.0818, {0.9993198655,-0.9915005323,-0.9917125765,-0.02189565527,0.9975709396,-0.989450675,-0.0003470017798,0.996883018,-0.9962016106,-0.005244788976}
154, 7.14014, 7.0818, {0.9993198655,-0.9915005323,-0.9917125765,-0.02189565527,0.9975709396,-0.989450675,-0.0003470017798,0.996883018,-0.9962016106,-0.005244788976}
155, 7.13432, 7.0818, {0.9993198655,-0.9915005323,-0.9917125765,-0.02189565527,0.9975709396,-0.989450675,-0.0003470017798,0.996883018,-0.9962016106,-0.005244788976}
156, 7.12358, 7.07985, {0.9988316697,-0.9925326833,-0.9927193543,-0.02155001251,0.9974899177,-0.9884499492,0.0003039651194,0.9976233619,-0.9976399634,-0.005259203519}
157, 7.11825, 7.07559, {0.9988984632,-0.992159476,-0.9925244985,-0.02151463015,0.9974397698,-0.9906680057,0.0005182859665,0.9967507202,-0.9983267473,-0.005295540921}
158, 7.10908, 7.07559, {0.9988984632,-0.992159476,-0.9925244985,-0.02151463015,0.9974397698,-0.9906680057,0.0005182859665,0.9967507202,-0.9983267473,-0.005295540921}
159, 7.10297, 7.07531, {0.9988706067,-0.9924052524,-0.992647883,-0.02153757331,0.9974411764,-0.9905988163,0.0003321846018,0.9968388055,-0.9982043729,-0.005275620063}
160, 7.0996, 7.07504, {0.9988613815,-0.9922258679,-0.9925748695,-0.02151575739,0.9974700671,-0.9904888932,0.0004999776864,0.996841061,-0.9977210204,-0.005275879711}
161, 7.09457, 7.07504, {0.9988613815,-0.9922258679,-0.9925748695,-0.02151575739,0.9974700671,-0.9904888932,0.0004999776864,0.996841061,-0.9977210204,-0.005275879711}
162, 7.0929, 7.07482, {0.9988519879,-0.9922588379,-0.9925530007,-0.02154619495,0.9974428762,-0.9906044919,0.0001908125334,0.9968482529,-0.9975701839,-0.005264442293}
163, 7.09102, 7.07482, {0.9988519879,-0.9922588379,-0.9925530007,-0.02154619495,0.9974428762,-0.9906044919,0.0001908125334,0.9968482529,-0.9975701839,-0.005264442293}
164, 7.08718, 7.07474, {0.9988753509,-0.9922595273,-0.9924326613,-0.02152643324,0.9974414803,-0.9905452883,0.000452068161,0.9968981631,-0.9973259353,-0.005266014979}
165, 7.08359, 7.07437, {0.9989338716,-0.9923322088,-0.9924337225,-0.02154171134,0.9974574736,-0.9907247121,0.0001512932976,0.9968690139,-0.9971366385,-0.005267167159}
166, 7.08224, 7.07413, {0.9988901192,-0.9923285895,-0.9924953362,-0.02154420728,0.9974741238,-0.9908315402,9.059003666e-05,0.996892741,-0.997146133,-0.005267898864}
167, 7.08014, 7.07405, {0.9988726937,-0.9922659563,-0.9925707639,-0.02153554114,0.9974490861,-0.9908525405,0.0002664289063,0.9968411063,-0.9972843829,-0.005265403478}
168, 7.07955, 7.07403, {0.998889919,-0.9923080657,-0.9925268342,-0.0215330396,0.9974545666,-0.9907853472,0.0003030513784,0.9968052591,-0.9971494105,-0.005268400334}
169, 7.07881, 7.05764, {0.9984779119,-0.9923189995,-0.9928489517,-0.01893576697,0.9976204385,-0.9903136066,0.005980838351,0.9960689196,-0.9978017425,-0.0035730949}
170, 7.07771, 7.05507, {0.998567917,-0.9923178736,-0.9926100788,-0.01945646417,0.997616999,-0.9903976452,0.0001950663386,0.9965269013,-0.9973845353,-0.00395082087}
171, 7.07691, 7.05144, {0.9988392993,-0.9923205463,-0.992730278,-0.01898556399,0.9975238949,-0.990473569,0.001050465018,0.9964013848,-0.9976011621,-0.003648023915}
172, 7.07502, 7.05144, {0.9988392993,-0.9923205463,-0.992730278,-0.01898556399,0.9975238949,-0.990473569,0.001050465018,0.9964013848,-0.9976011621,-0.003648023915}
173, 7.07338, 7.05144, {0.9988392993,-0.9923205463,-0.992730278,-0.01898556399,0.9975238949,-0.990473569,0.001050465018,0.9964013848,-0.9976011621,-0.003648023915}
174, 7.07054, 7.05144, {0.9988392993,-0.9923205463,-0.992730278,-0.01898556399,0.9975238949,-0.990473569,0.001050465018,0.9964013848,-0.9976011621,-0.003648023915}
175, 7.06817, 7.05144, {0.9988392993,-0.9923205463,-0.992730278,-0.01898556399,0.9975238949,-0.990473569,0.001050465018,0.9964013848,-0.9976011621,-0.003648023915}
176, 7.0665, 7.05117, {0.9987846566,-0.9923219488,-0.9927541287,-0.01898913746,0.9975368814,-0.9905952455,0.001248539506,0.9962042681,-0.9976315964,-0.003643087542}
177, 7.0646, 7.04562, {0.9978833819,-0.9926196144,-0.9937553188,-0.01908017235,0.9958406463,-0.9912849912,-0.002744332794,0.9941005194,-0.9974455163,0.0001561571996}
178, 7.06213, 7.04562, {0.9978833819,-0.9926196144,-0.9937553188,-0.01908017235,0.9958406463,-0.9912849912,-0.002744332794,0.9941005194,-0.9974455163,0.0001561571996}
179, 7.06032, 7.03313, {0.9989816837,-0.9961556802,-0.9929022393,-0.01667582575,0.9952254125,-0.9898763466,-0.0006768581627,0.9963136882,-0.9968905901,-0.00364801169}
180, 7.05938, 7.0298, {0.9993376265,-0.9950065534,-0.9929545699,-0.01661531197,0.9948678426,-0.9908615117,-0.001918683164,0.9960228613,-0.9972290096,-0.001530335446}
181, 7.0571, 7.0298, {0.9993376265,-0.9950065534,-0.9929545699,-0.01661531197,0.9948678426,-0.9908615117,-0.001918683164,0.9960228613,-0.9972290096,-0.001530335446}
182, 7.05315, 7.0298, {0.9993376265,-0.9950065534,-0.9929545699,-0.01661531197,0.9948678426,-0.9908615117,-0.001918683164,0.9960228613,-0.9972290096,-0.001530335446}
183, 7.05006, 7.02941, {0.9991964235,-0.9951644735,-0.9928655804,-0.01655342246,0.9951014687,-0.990315304,-0.001020258402,0.9956065806,-0.997260961,-0.001276037716}
184, 7.04703, 7.02032, {0.9975117899,-0.9966904859,-0.990044587,-0.0148607014,0.9929260461,-0.9977392456,-0.000128703018,0.9961061953,-0.9976944329,-0.002296855178}
185, 7.04485, 7.01687, {0.9989098966,-0.995341856,-0.9926204283,-0.01486867974,0.9943078008,-0.9941499208,-0.0001360781081,0.9965342546,-0.99744318,-0.003320081682}
186, 7.04177, 7.01576, {0.9989502553,-0.9953157072,-0.9927579989,-0.01497335425,0.9943750544,-0.9940413197,-0.0004693025735,0.995752315,-0.9973554595,-0.002148905532}
187, 7.03931, 7.01561, {0.9987881808,-0.9949057666,-0.9927219814,-0.01497837075,0.9943515907,-0.9941800628,-0.0004196633452,0.9959227972,-0.9973857883,-0.00217742411}
188, 7.03586, 7.01488, {0.9978572293,-0.9960704011,-0.99254548,-0.01494104373,0.9942758343,-0.9940223734,-0.0001480180296,0.9963026248,-0.997540506,-0.002128666543}
189, 7.03293, 7.01488, {0.9978572293,-0.9960704011,-0.99254548,-0.01494104373,0.9942758343,-0.9940223734,-0.0001480180296,0.9963026248,-0.997540506,-0.002128666543}
190, 7.03004, 7.01467, {0.9979066527,-0.9956603338,-0.9925795632,-0.01489808822,0.9942783875,-0.9940786134,-0.0001419555507,0.996357967,-0.9974904929,-0.002356942236}
191, 7.02837, 7.01465, {0.9980032416,-0.9956323128,-0.9925720856,-0.01491025566,0.9941324006,-0.9941848246,-0.0001736630684,0.9962666828,-0.9974672624,-0.002202231099}
192, 7.0265, 7.01449, {0.9980455819,-0.99528681,-0.9925838617,-0.01491511789,0.9941584206,-0.9941659684,-0.0001723910832,0.996092777,-0.9974071651,-0.002174942088}
193, 7.02406, 7.01449, {0.9980455819,-0.99528681,-0.9925838617,-0.01491511789,0.9941584206,-0.9941659684,-0.0001723910832,0.996092777,-0.9974071651,-0.002174942088}
194, 7.02245, 7.01207, {0.9989123486,-0.9930834751,-0.9917605933,-0.01412707393,0.9960295706,-0.9957103618,-0.0005653261029,0.9963388323,-0.9960607629,-0.00218384033}
195, 7.02032, 7.01067, {0.9984507521,-0.9943881049,-0.9923548938,-0.01413944081,0.995758573,-0.9940951685,-0.0004237460425,0.996286773,-0.997080364,-0.002176743573}
196, 7.01857, 7.01054, {0.9982032644,-0.9948975649,-0.9924001446,-0.01417815254,0.9945680753,-0.9940973848,-0.0006907012777,0.9962257786,-0.9972756257,-0.002165978773}
197, 7.01778, 7.01013, {0.9981681731,-0.9935645991,-0.9924978101,-0.01415846724,0.9958728793,-0.9941965005,-0.000560196518,0.9963136565,-0.9963443356,-0.002189828347}
198, 7.0163, 7.00715, {0.9973406536,-0.9946522941,-0.9953463941,-0.01408577112,0.9946082069,-0.9945153643,-0.0006153661512,0.9944986252,-0.9972738986,-0.001857360582}
199, 7.01541, 7.00712, {0.9973858705,-0.9946317004,-0.9949247132,-0.01408869546,0.9950914274,-0.9944455927,-0.0005946849878,0.9946592104,-0.9971480395,-0.001968598647}
200, 7.01316, 7.00706, {0.9974302778,-0.9946629417,-0.9950711154,-0.01410986797,0.9948362573,-0.9944640032,-0.0004468354559,0.9954204261,-0.9969762265,-0.001879270971}
201, 7.0123, 7.00699, {0.9974026958,-0.9946615724,-0.9950482845,-0.01409981939,0.9948412108,-0.9944498598,-0.0004571074813,0.9952693055,-0.9969813801,-0.001923054156}
202, 7.01164, 7.00699, {0.9974092579,-0.9946627232,-0.9950545964,-0.01410158761,0.9948371126,-0.9944562856,-0.0004545944309,0.9953732278,-0.9969773939,-0.001885921656}
203, 7.0111, 7.00695, {0.9974766047,-0.9946717693,-0.9947826907,-0.01410526168,0.9947112519,-0.9944097465,-0.0005053149261,0.9950252155,-0.9967968175,-0.001901034496}
204, 7.01, 7.00675, {0.9974123877,-0.9943326621,-0.994951026,-0.0141084566,0.9948955131,-0.994470218,-0.0005539866262,0.9952645362,-0.9964859778,-0.001898230216}
205, 7.00943, 7.00671, {0.9974632011,-0.9946003037,-0.9947897026,-0.01409557119,0.9948183051,-0.9945375219,-0.0005404417872,0.9953330247,-0.9965215632,-0.001901921488}
206, 7.00912, 7.00669, {0.997457673,-0.9945898222,-0.9949472549,-0.0140934976,0.9947544435,-0.994491277,-0.0005264273996,0.9952562355,-0.996539393,-0.001899660331}
207, 7.0086, 7.00667, {0.9973609068,-0.9945278998,-0.995029475,-0.01408746071,0.9948595423,-0.9944688537,-0.000563579552,0.9950657599,-0.9967037628,-0.001891477806}
208, 7.00824, 7.00661, {0.9973837662,-0.9944623177,-0.9950004392,-0.01409090589,0.994888786,-0.9944696745,-0.0005555085542,0.9951176013,-0.9965384719,-0.001891678266}
209, 7.00792, 7.0066, {0.9973857947,-0.994590222,-0.9949910316,-0.01409387203,0.9947445921,-0.9945061436,-0.0005516074036,0.9951533141,-0.9965146969,-0.001894195095}
210, 7.00762, 7.00218, {0.9959628137,-0.994146845,-0.99479473,-0.01263725916,0.9927442432,-0.9952428542,0.002586413021,0.9927683573,-0.9974712736,-0.002181978298}
211, 7.00741, 6.99982, {0.9970584384,-0.9942493733,-0.9948387358,-0.01279275019,0.9945968824,-0.994567627,0.0002991224621,0.9941069853,-0.9967272686,-0.002058085049}
212, 7.00705, 6.99944, {0.9965160855,-0.9946376349,-0.9948683964,-0.01284678445,0.9948810396,-0.9945209807,-0.0003915239305,0.9942122564,-0.9966550693,-0.00194293244}
213, 7.0064, 6.99944, {0.9965160855,-0.9946376349,-0.9948683964,-0.01284678445,0.9948810396,-0.9945209807,-0.0003915239305,0.9942122564,-0.9966550693,-0.00194293244}
214, 7.0056, 6.99924, {0.9964928093,-0.994516437,-0.9948510528,-0.0127996746,0.9944819955,-0.9946808508,0.0004513925145,0.99430591,-0.9966922712,-0.00195335251}
215, 7.00495, 6.99921, {0.9965253898,-0.9943711031,-0.9947884958,-0.01277126838,0.9946289577,-0.9947753227,5.248518735e-05,0.994224685,-0.9967662938,-0.002023593452}
216, 7.00386, 6.99909, {0.996427386,-0.9943761349,-0.994766503,-0.01277817967,0.9946216176,-0.9947452046,-2.829778875e-05,0.9947449674,-0.9967615096,-0.002027348503}
217, 7.00313, 6.99901, {0.9965583238,-0.9945490446,-0.9946448629,-0.0127707408,0.9947244511,-0.9945906042,0.0004605194732,0.9944646352,-0.9966184722,-0.001913019673}
218, 7.00253, 6.99898, {0.99655812,-0.9945172091,-0.994616741,-0.01277789982,0.9947390015,-0.9945398811,0.0004424237892,0.9947727421,-0.9965723197,-0.00190312543}
219, 7.00213, 6.99246, {1.00092875,-0.9948223071,-0.9941216729,-0.008520479741,0.9968520078,-0.9912559162,0.0005251351066,0.9922336531,-0.9964914361,-0.001900866308}
220, 7.00108, 6.98559, {0.9986747996,-0.9947541391,-0.9941560758,-0.008741587512,0.9955722744,-0.992197337,0.0001936573253,0.9945221562,-0.9965302114,-0.001915836863}
221, 7.00034, 6.98394, {0.9981252964,-0.9947023485,-0.9945060655,-0.00875843234,0.9952035769,-0.9930848344,0.0002344334263,0.9945925836,-0.9965565406,-0.001906909178}
222, 6.99872, 6.98307, {0.9970470643,-0.9946053955,-0.9946534277,-0.00891284355,0.995582236,-0.9945867111,2.498838017e-05,0.9936418191,-0.9965533463,-0.001931972821}
223, 6.99703, 6.98297, {0.9971573042,-0.9946786898,-0.9943531396,-0.008818163925,0.995041172,-0.9934220258,0.0001556201893,0.9945540995,-0.996590605,-0.001949037939}
224, 6.99516, 6.98271, {0.9971539774,-0.9943347659,-0.9943880765,-0.008820010688,0.9949765465,-0.9942758554,9.348630552e-05,0.9944252057,-0.9966070581,-0.001988426837}
225, 6.99384, 6.98252, {0.9967744778,-0.9944344867,-0.9944650973,-0.008853226604,0.9949652027,-0.994456623,5.075318604e-05,0.9943417961,-0.9966790832,-0.001999501425}
226, 6.99149, 6.98249, {0.9967894887,-0.9944702442,-0.9945582901,-0.008853864896,0.995074824,-0.994390037,4.75596701e-05,0.9943616433,-0.9966485369,-0.001979306747}
227, 6.99001, 6.98239, {0.9965583177,-0.9946133644,-0.9946321419,-0.008888651498,0.9949425158,-0.9941935015,0.000142076163,0.9945434096,-0.9966358343,-0.00193965133}
228, 6.9887, 6.98139, {0.9981722725,-0.994813278,-0.9922582444,-0.007115077969,0.9947214678,-0.9937804937,-7.865916357e-05,0.9967785217,-0.9966701949,-0.002847125373}
229, 6.98743, 6.9783, {0.9973335369,-0.9946528551,-0.994203865,-0.007216712744,0.9951913019,-0.9942478866,-4.676673189e-05,0.995125281,-0.9966693794,-0.002568097028}
230, 6.98683, 6.97768, {0.9967215719,-0.9944938361,-0.9943822802,-0.00733018583,0.9946907779,-0.9941904184,-0.000172632982,0.9954734226,-0.9966793065,-0.002017817196}
231, 6.98585, 6.97754, {0.9965444726,-0.9946379815,-0.9947083381,-0.007368635771,0.9948202926,-0.9944763114,0.0001046997221,0.9951227533,-0.9966391488,-0.002139829485}
232, 6.98468, 6.97228, {0.9935642159,-0.994803215,-0.9926582239,-0.002071875946,0.9946273798,-0.9931186336,0.002427226015,0.9944713026,-0.9981441504,-0.002614776815}
233, 6.98346, 6.96972, {0.995835676,-0.9947219977,-0.9932245159,-0.002117894544,0.9948738808,-0.9939866626,0.0006171209669,0.9944392268,-0.9980389535,-0.002420394076}
234, 6.98231, 6.96909, {0.9953028379,-0.9946424917,-0.9941194902,-0.003539919625,0.9946959791,-0.9941116602,0.0009096786598,0.9951659243,-0.9966448375,-0.002028358577}
235, 6.98175, 6.96848, {0.9951902188,-0.9945220504,-0.9945109932,-0.003051375949,0.9947339873,-0.9938900983,0.0002164615628,0.9946373801,-0.9968330752,-0.002088491194}
236, 6.98052, 6.96848, {0.9951902188,-0.9945220504,-0.9945109932,-0.003051375949,0.9947339873,-0.9938900983,0.0002164615628,0.9946373801,-0.9968330752,-0.002088491194}
237, 6.97853, 6.96806, {0.9962954791,-0.9945655306,-0.9941736554,-0.00234880951,0.9948314161,-0.994125033,0.0003753447655,0.994621119,-0.9966733535,-0.002213661421}
238, 6.97706, 6.96805, {0.9958572845,-0.9944979044,-0.9944006384,-0.002623365979,0.9947687431,-0.9941542053,0.0002132436675,0.994638246,-0.9967681476,-0.002121057712}
239, 6.97592, 6.9678, {0.9958726855,-0.9945510736,-0.9945036546,-0.002376237315,0.9947990905,-0.9940367561,0.0005062396013,0.9946266717,-0.9967265817,-0.002084237748}
240, 6.97452, 6.9678, {0.9958726855,-0.9945510736,-0.9945036546,-0.002376237315,0.9947990905,-0.9940367561,0.0005062396013,0.9946266717,-0.9967265817,-0.002084237748}
241, 6.97369, 6.9678, {0.9958726855,-0.9945510736,-0.9945036546,-0.002376237315,0.9947990905,-0.9940367561,0.0005062396013,0.9946266717,-0.9967265817,-0.002084237748}
242, 6.97286, 6.96775, {0.9955289188,-0.9945963804,-0.9944133712,-0.002356508386,0.9948103507,-0.9939995488,0.0006712469162,0.9946101599,-0.9967334002,-0.0020875998}
243, 6.97222, 6.96771, {0.9955500835,-0.9946252619,-0.9944227302,-0.002366726311,0.9948126512,-0.9940173329,0.0005391361012,0.9945802973,-0.9967138708,-0.002086456079}
244, 6.97176, 6.96761, {0.995602911,-0.9946069012,-0.9945228944,-0.002339602858,0.9948260361,-0.9941092206,0.0006524024191,0.9944613872,-0.9966748408,-0.002011192153}
245, 6.97084, 6.96759, {0.995607862,-0.9946320329,-0.9945010431,-0.002369199744,0.9948342033,-0.9941180005,0.0004106368722,0.994487806,-0.9966666694,-0.002030625894}
246, 6.97053, 6.96758, {0.9956106579,-0.9946279389,-0.9945041431,-0.002350351572,0.994836044,-0.9941128201,0.0004563221514,0.9944960305,-0.9966760762,-0.002016822598}
247, 6.97034, 6.96758, {0.9958057912,-0.9944735773,-0.9945444889,-0.002422459391,0.9949004674,-0.9943729985,0.0001129554758,0.9944646811,-0.9966575474,-0.00198609425}
248, 6.97029, 6.96757, {0.9956105149,-0.9946311133,-0.9945016518,-0.00235670393,0.9948355717,-0.9941135375,0.0004153792311,0.9944959888,-0.9966700358,-0.002019586095}
249, 6.96966, 6.96751, {0.9956477125,-0.9946260632,-0.9944890654,-0.002371106307,0.9948611604,-0.9942601802,0.0004161358297,0.9945251106,-0.99666667,-0.00197599528}
250, 6.96964, 6.96749, {0.9955582277,-0.9946004103,-0.9944754233,-0.002373225279,0.9948956066,-0.994329968,0.0001133218777,0.9945000166,-0.9966716641,-0.002018680421}
251, 6.96929, 6.96748, {0.9956473375,-0.9946196342,-0.9944613191,-0.002352348273,0.9948820912,-0.9942889791,0.0004198030999,0.9945493558,-0.9966780235,-0.001958862963}
252, 6.96895, 6.96748, {0.9956449288,-0.99461655,-0.9944711568,-0.002365610117,0.994866958,-0.9942721466,0.0002035300642,0.9945469755,-0.9966720896,-0.00197135861}
253, 6.96868, 6.96745, {0.9956633942,-0.9946217767,-0.9944991886,-0.002353448747,0.9948773634,-0.9943256639,0.000264522668,0.9945278129,-0.9966705505,-0.001965165866}
254, 6.96838, 6.96744, {0.9955901625,-0.9946132803,-0.9944785015,-0.002359947309,0.9948709339,-0.9943018663,0.0001797616125,0.994503714,-0.9966690437,-0.001949616816}
255, 6.9683, 6.96714, {0.9928676178,-0.9940006285,-0.9951359549,-0.00117015909,0.9943979461,-0.9940694389,0.0002077524585,0.9945027506,-0.9966322323,0.001176897633}
256, 6.96805, 6.96582, {0.9952440938,-0.9944288728,-0.9948163462,-0.00119097949,0.9948943183,-0.9941924502,0.0001797555116,0.9945027113,-0.9966343826,0.0003947448711}
257, 6.96803, 6.96582, {0.9952440938,-0.9944288728,-0.9948163462,-0.00119097949,0.9948943183,-0.9941924502,0.0001797555116,0.9945027113,-0.9966343826,0.0003947448711}
258, 6.96778, 6.96582, {0.9952440938,-0.9944288728,-0.9948163462,-0.00119097949,0.9948943183,-0.9941924502,0.0001797555116,0.9945027113,-0.9966343826,0.0003947448711}
259, 6.96749, 6.96582, {0.9952827897,-0.9944570329,-0.9948143916,-0.001192474205,0.9948469101,-0.9941913194,0.0001894196659,0.994501991,-0.9966348986,0.000340026615}
260, 6.96724, 6.96582, {0.9952827897,-0.9944570329,-0.9948143916,-0.001192474205,0.9948469101,-0.9941913194,0.0001894196659,0.994501991,-0.9966348986,0.000340026615}
261, 6.96699, 6.96582, {0.9952827897,-0.9944570329,-0.9948143916,-0.001192474205,0.9948469101,-0.9941913194,0.0001894196659,0.994501991,-0.9966348986,0.000340026615}
262, 6.96681, 6.96581, {0.995204672,-0.9944234441,-0.9947219141,-0.001204522351,0.9948785085,-0.9941995703,0.00024876209,0.9945040997,-0.9966348862,0.0001741759518}
263, 6.96667, 6.96578, {0.9951133703,-0.9944704999,-0.9947726619,-0.001236249927,0.9948809897,-0.9942539272,0.0002262978131,0.9944979031,-0.9966350322,3.604274753e-05}
264, 6.96646, 6.96577, {0.9951139558,-0.9944709706,-0.9948050981,-0.001207181344,0.9948575752,-0.9942478749,0.0002245691326,0.9945001558,-0.9966354444,7.692576152e-05}
265, 6.96635, 6.96577, {0.9951139558,-0.9944709706,-0.9948050981,-0.001207181344,0.9948575752,-0.9942478749,0.0002245691326,0.9945001558,-0.9966354444,7.692576152e-05}
266, 6.96625, 6.96577, {0.9951189414,-0.9944703138,-0.994812118,-0.001208172745,0.9948811143,-0.9942478185,0.0002083866183,0.9945000701,-0.9966370586,5.611415322e-05}
267, 6.96618, 6.96577, {0.9951207972,-0.9944623866,-0.9948070354,-0.001196416267,0.9948807709,-0.9942468431,0.0002139527966,0.9945019011,-0.9966360106,5.657751666e-05}
268, 6.9661, 6.96577, {0.9951207972,-0.9944623866,-0.9948070354,-0.001196416267,0.9948807709,-0.9942468431,0.0002139527966,0.9945019011,-0.9966360106,5.657751666e-05}
269, 6.96602, 6.96577, {0.9951207972,-0.9944623866,-0.9948070354,-0.001196416267,0.9948807709,-0.9942468431,0.0002139527966,0.9945019011,-0.9966360106,5.657751666e-05}
270, 6.96595, 6.96577, {0.9951207972,-0.9944623866,-0.9948070354,-0.001196416267,0.9948807709,-0.9942468431,0.0002139527966,0.9945019011,-0.9966360106,5.657751666e-05}
271, 6.96591, 6.96577, {0.9951207972,-0.9944623866,-0.9948070354,-0.001196416267,0.9948807709,-0.9942468431,0.0002139527966,0.9945019011,-0.9966360106,5.657751666e-05}
272, 6.96589, 6.96577, {0.9951153971,-0.9944671409,-0.9947858339,-0.001197504092,0.9948784246,-0.9942521539,0.0002239636118,0.9945011373,-0.9966353966,4.791731192e-05}
273, 6.96592, 6.96577, {0.9951560068,-0.994466204,-0.9949762985,-0.001214518026,0.9948759614,-0.9942524911,0.0002793355818,0.9945714774,-0.9966353811,5.694760485e-05}
274, 6.96588, 6.96576, {0.9951481473,-0.9944662231,-0.9948917139,-0.001201119303,0.994873938,-0.9942500154,0.000253375802,0.9945693995,-0.9966358702,5.84564756e-05}
275, 6.96586, 6.96575, {0.9951308031,-0.9944666784,-0.9948699259,-0.001201568773,0.9948738942,-0.9942533188,0.0002310879499,0.9945689971,-0.9966356717,5.295689889e-05}
276, 6.96585, 6.96575, {0.9951243938,-0.9944660769,-0.994864894,-0.00119673248,0.9948771478,-0.9942500124,0.000216908817,0.9945565674,-0.996636147,5.769132916e-05}
277, 6.96584, 6.96575, {0.9951243938,-0.9944660769,-0.994864894,-0.00119673248,0.9948771478,-0.9942500124,0.000216908817,0.9945565674,-0.996636147,5.769132916e-05}
278, 6.96583, 6.96575, {0.9951247941,-0.9944661788,-0.9948828666,-0.001196746683,0.9948770636,-0.9942497669,0.0002156276688,0.9945585895,-0.9966359655,5.741259246e-05}
279, 6.96581, 6.96575, {0.9951247941,-0.9944661788,-0.9948828666,-0.001196746683,0.9948770636,-0.9942497669,0.0002156276688,0.9945585895,-0.9966359655,5.741259246e-05}
280, 6.96579, 6.96575, {0.9951349987,-0.9944664862,-0.9948791781,-0.001197337875,0.994875716,-0.9942511179,0.0002157006267,0.9945650517,-0.996635782,5.750632209e-05}
281, 6.9658, 6.96575, {0.9951349987,-0.9944664862,-0.9948791781,-0.001197337875,0.994875716,-0.9942511179,0.0002157006267,0.9945650517,-0.996635782,5.750632209e-05}
282, 6.96579, 6.96575, {0.9951271916,-0.99446718,-0.9948720252,-0.001197785596,0.9948750057,-0.9942526028,0.0002211654252,0.9945659982,-0.9966357947,5.796699395e-05}
283, 6.9658, 6.96575, {0.9951261062,-0.9944677326,-0.9948816221,-0.001198340322,0.994875696,-0.994251777,0.0002166823898,0.9945649567,-0.9966357688,5.83150744e-05}
284, 6.96578, 6.96575, {0.9951260881,-0.9944678004,-0.9948772319,-0.001198557064,0.9948755702,-0.9942527125,0.0002156533481,0.9945649552,-0.9966358114,5.965476823e-05}
285, 6.96579, 6.96575, {0.9951247793,-0.9944677964,-0.9948890565,-0.001197592779,0.994876219,-0.9942520673,0.0002162969736,0.9945648155,-0.9966358406,5.885225148e-05}
286, 6.96579, 6.96575, {0.995124714,-0.994467489,-0.994884001,-0.001197500375,0.9948762372,-0.994252419,0.0002166630468,0.9945653434,-0.9966357984,5.832819331e-05}
287, 6.96579, 6.96575, {0.9951247246,-0.9944675842,-0.9948890293,-0.00119803681,0.994876251,-0.9942527139,0.0002166621446,0.994565649,-0.996635707,5.83535651e-05}
288, 6.96579, 6.96575, {0.9951257581,-0.9944677457,-0.9948892737,-0.001196925442,0.994876154,-0.9942516109,0.0002158429181,0.9945646703,-0.9966358126,5.8239865e-05}
289, 6.96578, 6.96575, {0.9951252756,-0.9944677167,-0.9948854034,-0.001197117362,0.9948765784,-0.9942524635,0.0002163651837,0.9945652275,-0.9966357117,5.872720443e-05}
290, 6.96576, 6.96575, {0.9951253245,-0.9944676781,-0.9948878521,-0.001196945358,0.9948761163,-0.9942523468,0.0002165881938,0.9945662014,-0.9966357686,5.843973911e-05}
291, 6.96576, 6.96575, {0.9951249494,-0.9944676627,-0.9948882545,-0.001197053918,0.9948761811,-0.9942525847,0.000216597716,0.9945659965,-0.9966357112,5.838886815e-05}
292, 6.96576, 6.96575, {0.9951249494,-0.9944676627,-0.9948882545,-0.001197053918,0.9948761811,-0.9942525847,0.000216597716,0.9945659965,-0.9966357112,5.838886815e-05}
293, 6.96576, 6.96575, {0.9951249494,-0.9944676627,-0.9948882545,-0.001197053918,0.9948761811,-0.9942525847,0.000216597716,0.9945659965,-0.9966357112,5.838886815e-05}
294, 6.96575, 6.96575, {0.9951249494,-0.9944676627,-0.9948882545,-0.001197053918,0.9948761811,-0.9942525847,0.000216597716,0.9945659965,-0.9966357112,5.838886815e-05}
295, 6.96575, 6.96575, {0.9951252643,-0.9944677251,-0.9948886285,-0.001197035076,0.9948763917,-0.9942526716,0.0002164017583,0.994565853,-0.9966357449,5.857980605e-05}
296, 6.96575, 6.96575, {0.9951252643,-0.9944677251,-0.9948886285,-0.001197035076,0.9948763917,-0.9942526716,0.0002164017583,0.994565853,-0.9966357449,5.857980605e-05}
297, 6.96575, 6.96575, {0.9951250903,-0.9944676693,-0.9948886332,-0.00119706405,0.9948763137,-0.9942526764,0.0002164119759,0.9945659694,-0.9966357356,5.855404057e-05}
298, 6.96575, 6.96575, {0.9951251141,-0.9944677196,-0.9948881056,-0.001196961953,0.9948764343,-0.9942526171,0.0002163831471,0.9945659639,-0.9966357444,5.841742444e-05}
