0, 111.704, 20.7336, {-0.001759301253,-0.00697061116,-0.00244174766,-0.003754420247,0.0006893032412,-0.005416644268,-1.206744572,0.03630439917,2.04832873,-0.9313682705,-1.020093633,-1.123505654}
1, 106.969, 11.6024, {0.0004784385096,-0.001265834708,-0.001015789729,-0.0004326566349,0.002670341431,0.001407954055,-0.8623702057,-0.002266959273,0.8465709298,0.9887449153,-0.03978187775,1.004791922}
2, 97.7829, 11.6024, {0.0004784385096,-0.001265834708,-0.001015789729,-0.0004326566349,0.002670341431,0.001407954055,-0.8623702057,-0.002266959273,0.8465709298,0.9887449153,-0.03978187775,1.004791922}
3, 84.639, 11.6024, {0.0004784385096,-0.001265834708,-0.001015789729,-0.0004326566349,0.002670341431,0.001407954055,-0.8623702057,-0.002266959273,0.8465709298,0.9887449153,-0.03978187775,1.004791922}
4, 70.0372, 11.6024, {0.0004784385096,-0.001265834708,-0.001015789729,-0.0004326566349,0.002670341431,0.001407954055,-0.8623702057,-0.002266959273,0.8465709298,0.9887449153,-0.03978187775,1.004791922}
5, 56.2743, 8.27822, {-0.0005986316722,-0.001162043958,0.001288881235,-0.001311482917,0.0010596171,0.01032241688,-1.002882173,-0.992051098,-0.03218964471,0.9459235616,0.07049388553,0.8769821645}
6, 45.6694, 7.59231, {7.226606967e-05,-0.001046203892,0.0002527850122,-0.001075352668,0.001180509103,0.005596645203,-1.002585099,-0.01000907756,-0.03668428469,0.9221281521,-1.010965164,0.886474348}
7, 35.7546, 5.10685, {-0.0001180106901,-0.00069772148,0.0005692950229,-0.001440968217,0.00147006085,0.001724911497,0.005170301478,-0.9415788264,-0.02024332779,-0.9753477742,-0.07032825192,-0.9479017694}
8, 28.8443, 5.00954, {-0.0001059162689,-0.0005611929759,0.0003967368077,-9.390021118e-05,0.001521935333,0.001662608242,-0.03147324397,-0.9606979064,0.004041753644,-0.9622242845,-0.01361735766,-0.1108179621}
9, 23.2623, 4.02322, {-3.527593007e-05,-0.001468601143,0.001616318904,-0.006678099022,0.002494683657,0.003780850094,0.003009409114,0.04360436797,-0.05277839028,0.04575105996,1.073529186,-0.04895922881}
10, 19.0017, 3.26738, {-0.0003698615618,-0.0008224627225,0.001748174285,-0.0005927951941,0.001533219313,0.003137099111,0.02011795054,-0.9868350164,-0.06773431019,-0.02677754054,-0.07593615484,0.008636418952}
11, 15.7916, 2.97042, {-5.687786947e-05,-0.0005814496308,0.0003738781559,-0.0005674610129,0.001667865922,0.001646903775,-0.02771045574,-0.9533079447,0.003749205312,-0.9706039357,-0.04294014165,-0.003617422839}
12, 12.4439, 2.58004, {-4.408586113e-05,-0.0006331435856,0.0008171310964,-0.0003775439669,0.001709365625,0.003628721981,-0.05400086753,-0.9736808435,0.002449359414,-0.06232184705,-0.01515168474,-0.02373845506}
13, 10.1967, 1.99685, {-0.0002353826789,-0.0006998454337,0.0005500228111,-0.0004980651534,0.001529522885,0.002601572883,-0.02539993549,-0.9654602019,-0.02228923609,-0.04582124997,-0.01660444395,-0.02598714684}
14, 8.53557, 1.63549, {-0.0004650703531,-0.001281907726,0.0009363887062,-0.0003985556065,-0.0007915325346,0.006574724304,0.005760197546,-0.9757579159,-0.007825665015,0.001034303512,0.002811294596,-0.05230040722}
15, 7.67235, 1.18619, {-0.0002415485196,-0.0008232889528,0.001721593739,-0.002582097122,0.002189686908,0.003607406355,0.003268738246,-0.01883916915,-0.05946472325,0.002007691474,0.04514869862,-0.007839836654}
16, 6.77292, 0.778834, {-0.0001828124121,-0.000901944121,0.001031407787,-0.001132440378,0.001353125933,0.003486615931,0.002162410572,-0.0530752523,-0.0252036778,-0.003293090202,0.008914831799,-0.01972462862}
17, 6.00228, 0.766456, {-0.0003276513807,-0.001464333899,0.0009727077787,-0.005222288167,-0.000692667796,0.006026114911,0.005548611237,0.0256676211,-0.01721954733,0.01589045209,0.007178692885,-0.05028621712}
18, 5.33983, 0.440455, {-0.0003316684568,-0.001343412848,0.0009599853069,-0.003488179613,0.000113440515,0.00512572689,0.007324746667,0.0125568169,-0.02157589591,0.008167094282,0.00532794491,-0.03760661329}
19, 4.68657, 0.259976, {-0.0003578739682,-0.00130714239,0.0009561903322,-0.002010099055,0.0003365188894,0.005094593604,0.007540561826,0.005047019869,-0.02254604906,0.001984620405,0.004463762753,-0.02579429151}
20, 4.0664, 0.173548, {-0.0002860374693,-0.0009199315029,0.000916618616,-0.002437199368,0.001182408628,0.003131570329,-0.003095509931,-0.01096134284,-0.0216484592,-0.003721453009,-0.0002462933382,-0.0156372861}
21, 3.48143, 0.123288, {-0.0002961070705,-0.001250445459,0.00108401063,-0.001560162627,0.0002102151741,0.005352403849,0.005846445277,-0.0007406791991,-0.01831169672,-7.484305525e-05,0.006051975674,-0.01346442244}
22, 3.06745, 0.0825985, {-0.0002513681248,-0.001298973439,0.000998444167,-0.001807495954,0.0004000817697,0.005345727255,0.006476769849,0.001333694107,-0.01723454955,0.002073406052,0.005755549077,-0.001925341451}
23, 2.765, 0.0575091, {-0.0003666538589,-0.001099476961,0.001288789728,-0.001527568267,0.0007606205455,0.005670264931,0.006608557214,-0.008465107062,-0.008712055669,0.0009444376359,0.00631595333,-0.004454838064}
24, 2.47308, 0.0459444, {-0.000432984713,-0.001259003425,0.001174534542,-0.001041545083,0.0006811967286,0.005225146383,0.00688245116,-0.001960456048,-0.01003332105,0.001112892256,0.004778121196,-0.004866117063}
25, 2.12423, 0.0422244, {-0.000373893078,-0.001273402908,0.001174707547,-0.0008513995124,0.0003290449273,0.00579544729,0.005783398004,0.000150649089,-0.009775327912,-0.002728553501,0.005902352031,-0.002000658613}
26, 1.86482, 0.0405504, {-0.0003706161705,-0.001143822025,0.001239979831,-0.001064357505,0.0006594769669,0.005519223633,0.005787125041,0.0007813934458,-0.01025248345,0.0008485242923,0.005062515735,-0.001965674103}
27, 1.49851, 0.0374254, {-0.0003196468638,-0.001069026576,0.00102725577,-0.001526430595,0.0005909747335,0.006406525318,0.005295813247,0.0008284293273,-0.008555933753,0.0003667093685,0.006290171095,0.001007206933}
28, 1.17934, 0.0370382, {-0.000348207941,-0.00106995809,0.001093783449,-0.001523079854,0.0006662950931,0.005390015056,0.00553834428,-0.0008534103865,-0.008853318497,0.0006566283606,0.006393585223,-0.00116316878}
29, 1.02521, 0.034009, {-0.0003626997293,-0.001064409853,0.001161916611,-0.001509730191,0.0007776422899,0.00473154421,0.004499312773,-0.001051955241,-0.0100475023,-0.0001842366636,0.003636157212,-0.002831246841}
30, 0.851149, 0.034009, {-0.0003626997293,-0.001064409853,0.001161916611,-0.001509730191,0.0007776422899,0.00473154421,0.004499312773,-0.001051955241,-0.0100475023,-0.0001842366636,0.003636157212,-0.002831246841}
31, 0.702086, 0.0290411, {-0.0003264358523,-0.001060834918,0.001028282801,-0.001220832275,0.0007721820715,0.004301113761,0.004150093323,-0.0005986199727,-0.009149906353,-0.0008687419746,0.004089434752,-0.002179923657}
32, 0.613946, 0.0290411, {-0.0003264358523,-0.001060834918,0.001028282801,-0.001220832275,0.0007721820715,0.004301113761,0.004150093323,-0.0005986199727,-0.009149906353,-0.0008687419746,0.004089434752,-0.002179923657}
33, 0.635173, 0.0285002, {-0.0003267686405,-0.001065449161,0.001035885644,-0.001204076251,0.0007722276385,0.004366430552,0.004315940794,-0.0007504755757,-0.008980122714,-0.0005418655016,0.003971572777,-0.00208642988}
34, 0.44628, 0.028272, {-0.0003285258917,-0.001064712559,0.001076255439,-0.001231881839,0.0007405032016,0.004634465227,0.004433169126,-0.0008118181222,-0.00892104253,-0.0004812124753,0.003674379342,-0.001719316738}
35, 0.362009, 0.0278596, {-0.0003282696648,-0.001088014248,0.00107168856,-0.001217896201,0.0007346274934,0.004370699346,0.004273434035,-0.0002350746745,-0.009163968909,-0.0005924327894,0.003592616969,-0.00115472213}
36, 0.295291, 0.0269893, {-0.000319658905,-0.001102249351,0.001058036658,-0.001264083152,0.0007381463006,0.004524115027,0.004255489962,-0.0007744397878,-0.009203550923,-0.0009657213473,0.002297103837,-0.001181426642}
37, 0.254594, 0.0263123, {-0.0003244462307,-0.001088679445,0.001079752824,-0.001472742509,0.0005510139916,0.004534149812,0.004607713531,-0.0006601179116,-0.009011787291,-0.0004572637785,0.001666839489,-0.001139476209}
38, 0.224886, 0.026249, {-0.0003231540655,-0.001101404339,0.001066101774,-0.001415423553,0.0007128371117,0.004529159412,0.004315857645,-0.0006934842988,-0.00908001881,-0.0008525915947,0.001802194234,-0.001151204765}
39, 0.165841, 0.0259879, {-0.0003268848523,-0.001085590738,0.001053217857,-0.001406236913,0.0006624352075,0.004452928111,0.004440679506,-0.0006772953774,-0.008948210521,-0.000446646352,0.001721298723,-0.001722085283}
40, 0.134936, 0.0257181, {-0.0003263533233,-0.001090630647,0.001061119849,-0.001284702764,0.0006813893759,0.004458470289,0.004368724757,-0.0007352597046,-0.008970199533,-0.000658162854,0.001728592257,-0.001315199953}
41, 0.117952, 0.0255285, {-0.0003296954651,-0.001121724979,0.001101830697,-0.001294430938,0.0006132873322,0.00448660087,0.00437508611,-0.0003786184477,-0.00890852577,-0.0005399055597,0.001813316335,-0.001308356593}
42, 0.0988114, 0.0255285, {-0.0003296954651,-0.001121724979,0.001101830697,-0.001294430938,0.0006132873322,0.00448660087,0.00437508611,-0.0003786184477,-0.00890852577,-0.0005399055597,0.001813316335,-0.001308356593}
43, 0.0575348, 0.0253878, {-0.0003250035492,-0.001094682767,0.001062468746,-0.001278575564,0.0007039341239,0.004387095143,0.004411983685,-0.0006235470929,-0.008926397458,-0.0004860307943,0.001830197426,-0.001029959965}
44, 0.0552501, 0.0253554, {-0.0003301389555,-0.001109800512,0.001062958179,-0.001292673481,0.0006706984838,0.004387855246,0.004396753574,-0.0005935537703,-0.008903929557,-0.0004742232622,0.001768537615,-0.001290972689}
45, 0.0489591, 0.0252771, {-0.0003276474234,-0.001103681405,0.001068759939,-0.001286190362,0.0006895024435,0.004390779869,0.004327935909,-0.0004389356654,-0.008931144179,-0.0005214362752,0.001855141419,-0.001074302583}
46, 0.0430168, 0.025225, {-0.0003296208946,-0.001103989595,0.001063434693,-0.001291047075,0.0006720742119,0.004388397226,0.004348212836,-0.0005526428758,-0.008912316874,-0.0004871785395,0.001787724439,-0.001122618662}
47, 0.0421806, 0.0251848, {-0.0003309543959,-0.001109603373,0.001053819263,-0.001299199455,0.0006696440477,0.004379123808,0.004332748719,-0.0004130536617,-0.008913417068,-0.0004739420279,0.001843960258,-0.001089068331}
48, 0.0371995, 0.0251534, {-0.0003303067746,-0.001110623269,0.001049787031,-0.001300250741,0.0006638218134,0.004391643289,0.004349002648,-0.0004006686461,-0.008909942976,-0.0004604575161,0.001779240064,-0.001052422804}
49, 0.0331871, 0.0250954, {-0.0003304419179,-0.001109749334,0.00105725051,-0.00129510318,0.0006692589562,0.004383832669,0.004307105403,-0.0004388503132,-0.008909738035,-0.0004798017528,0.001778093008,-0.001093677143}
50, 0.0311173, 0.0250829, {-0.0003303773927,-0.00111033419,0.001057527657,-0.001299127707,0.0006653178597,0.0043896547,0.004304111488,-0.0004186997414,-0.008907904984,-0.000452806107,0.001783415806,-0.001075747272}
51, 0.0309952, 0.0250808, {-0.0003301939924,-0.001109885985,0.00105426888,-0.001297015045,0.0006628576555,0.004383457341,0.004314702612,-0.0004391178439,-0.008905473941,-0.0004770173276,0.001777581853,-0.001072618122}
52, 0.0308054, 0.0250665, {-0.0003302653993,-0.001110196654,0.001054606008,-0.001298823824,0.0006684710146,0.004378452295,0.004305351237,-0.0004540580813,-0.008909888403,-0.0004234134668,0.001784531841,-0.001058592343}
53, 0.0305155, 0.0250651, {-0.0003302477146,-0.001110328486,0.00104552478,-0.00129893329,0.0006686058402,0.004382229637,0.004312294073,-0.000409659788,-0.008908594108,-0.0004316100179,0.001782697207,-0.001048782746}
54, 0.0300985, 0.0250568, {-0.0003303842043,-0.001110289167,0.001043325998,-0.001297832729,0.0006685439698,0.004377188596,0.004311447065,-0.0004427237817,-0.008907849702,-0.0004216966331,0.001781413155,-0.001056076089}
55, 0.0316009, 0.0250548, {-0.0003303762492,-0.001110239647,0.001045398543,-0.001298106103,0.0006684810044,0.00437721263,0.004306847556,-0.0004534823352,-0.008908420387,-0.000423064134,0.001781709822,-0.001057320765}
56, 0.0273018, 0.0250452, {-0.0003304249488,-0.001109471009,0.00105006562,-0.00129902625,0.0006648735693,0.004382408215,0.004308149886,-0.0004356727701,-0.008906899903,-0.0004460969058,0.001750327643,-0.001067961718}
57, 0.0285594, 0.0250395, {-0.0003303107363,-0.001110211613,0.001051227591,-0.001298941319,0.0006658514429,0.004378415391,0.004306850055,-0.0004061761326,-0.008909170569,-0.0004404469527,0.001753799704,-0.00106315253}
58, 0.0300254, 0.0250367, {-0.0003303296741,-0.001110304787,0.001046590376,-0.001298632727,0.0006667716749,0.004377287728,0.004309899956,-0.0004303081042,-0.008908319421,-0.0004249957566,0.001754245122,-0.001056323026}
59, 0.0289349, 0.0250327, {-0.0003304112794,-0.001109672913,0.001046717776,-0.001298689597,0.0006673175784,0.004377308188,0.004307301357,-0.000421077648,-0.00890799695,-0.0004297584679,0.001754690064,-0.001061041658}
60, 0.0283212, 0.025032, {-0.0003304061379,-0.001110135409,0.001045754964,-0.001298904643,0.0006664857159,0.004377832764,0.00430801468,-0.0004149027578,-0.008908145848,-0.0004301585001,0.001751638004,-0.001061141353}
61, 0.0272636, 0.0243736, {-0.001786228391,-0.00475868521,0.002016286641,-0.001086024554,0.003534016508,-0.001899065164,0.004403394308,0.001278212313,-0.005368665878,0.0008388102718,-0.001340621223,-0.004831173723}
62, 0.0251647, 0.0163986, {-0.001612741423,-0.001771922331,0.001326313852,-0.00123517125,0.002633857261,-0.001759610566,0.004360449391,-0.0001143756751,-0.006201564163,-0.0004257038317,-0.001199743554,-0.002121001543}
63, 0.0250765, 0.0133652, {-0.001487334243,-0.002382753744,0.001202200781,-0.001133732422,0.001586546885,0.0008868164369,0.004332283097,0.0001127697,-0.005456319665,0.0002144889322,-1.208553728e-05,-0.002202092218}
64, 0.0247783, 0.0124673, {-0.000442650815,-0.001849608344,0.001191992544,-0.001279253689,0.0006900228193,0.0009222943616,0.004323150163,-0.0002586513401,-0.005470254646,-0.0002015385328,0.001729596299,-0.00176990152}
65, 0.0239049, 0.0123911, {-0.0004498966891,-0.001815052211,0.00119693235,-0.001279404715,0.0009384461134,0.000849713432,0.004316186741,-0.0002587381918,-0.005532277489,-0.0002388997531,0.001350142329,-0.001763625193}
66, 0.0223826, 0.011968, {-0.0009589193812,-0.001356650986,0.001276399513,-0.001279177805,0.0008622859451,0.0009224275769,0.004327531895,-0.000292588156,-0.00548355436,-0.0003957801783,0.001155394041,-0.001528194759}
67, 0.0210055, 0.0116941, {-0.0007562837173,-0.001729843757,0.001199655334,-0.001244479278,0.0009047626395,-4.570721539e-05,0.004322852287,-0.0001973651446,-0.00550287405,-0.0001737772561,0.0005172285091,-0.001506725569}
68, 0.0198214, 0.011637, {-0.000994220067,-0.001544612077,0.001180160133,-0.001174649598,0.0009052226332,-6.25905455e-08,0.004322534573,-0.0001622374603,-0.005537338457,-6.23350209e-05,0.0005367091413,-0.001424649697}
69, 0.0185474, 0.0115351, {-0.0007330200191,-0.001472878493,0.001118421346,-0.001189787064,0.000880314388,5.361442379e-06,0.004322240203,-0.0001225047211,-0.005500049204,-9.023750656e-06,0.0007718157878,-0.001567174855}
70, 0.0174697, 0.0113443, {-0.0006044404224,-0.001493776373,0.001119278125,-0.001187404966,0.0008364106796,2.312707544e-05,0.004322180187,-0.0001260536972,-0.005479453412,3.96582504e-05,0.0004950138243,-0.001502526271}
71, 0.0165556, 0.0113363, {-0.0005949446857,-0.001518131127,0.001140804639,-0.001190592628,0.0007932711606,3.373675136e-05,0.004322144047,-0.000151741819,-0.005489924586,-3.531632843e-08,0.0002901176957,-0.001486399754}
72, 0.015916, 0.0113002, {-0.0005983291196,-0.001498454586,0.001125565504,-0.001188296614,0.0007983983827,3.284589593e-05,0.004322148957,-0.00014285146,-0.005479749923,2.421393566e-05,0.0003059189281,-0.001489658583}
73, 0.0151745, 0.0112902, {-0.0005742561409,-0.001319939902,0.001149641119,-0.001186381226,0.0008107315774,0.0001460162536,0.004322503696,-0.000140712111,-0.005501975278,-6.345195372e-05,0.0004446060683,-0.001501935018}
74, 0.0142945, 0.0112612, {-0.0006106052734,-0.001331117728,0.00114408598,-0.001186532494,0.0008194271969,2.462733985e-05,0.004322650595,-0.0001409333379,-0.005483673264,-4.676633043e-05,0.0004602169187,-0.001497647464}
75, 0.0136864, 0.011241, {-0.0006144580979,-0.001347300565,0.001143016756,-0.001191768104,0.0007913889815,1.370237386e-05,0.004322401062,-0.0001464064961,-0.005474926761,-2.905508111e-05,0.0004051188908,-0.00150804423}
76, 0.0131521, 0.011241, {-0.0006144580979,-0.001347300565,0.001143016756,-0.001191768104,0.0007913889815,1.370237386e-05,0.004322401062,-0.0001464064961,-0.005474926761,-2.905508111e-05,0.0004051188908,-0.00150804423}
77, 0.0127199, 0.0112267, {-0.0006030876007,-0.001340691513,0.001131813966,-0.00118740711,0.000807774728,3.234147083e-05,0.004322375797,-0.0001426123945,-0.005481834063,-2.528334295e-05,0.0003280788743,-0.001491612484}
78, 0.0124838, 0.0112244, {-0.000591538758,-0.0013441113,0.001127902466,-0.001187116976,0.0007990259227,3.610867388e-05,0.00432218574,-0.000161189056,-0.005477130308,7.680947546e-06,0.000367574401,-0.001503950775}
79, 0.0122158, 0.0112128, {-0.0005900268409,-0.001340484042,0.001140329463,-0.001188195743,0.000789040332,3.171384096e-05,0.004322216179,-0.000141921997,-0.005477959225,-3.553912799e-05,0.000331423733,-0.001490212986}
80, 0.0120302, 0.0112115, {-0.0004632340199,-0.001246398005,0.001064027645,-0.001295331585,0.0007494875258,0.000253734546,0.004321468667,-0.000176963522,-0.005494381148,-0.0001375959822,0.0004485989284,-0.001482162884}
81, 0.0119646, 0.0111464, {-0.0005034577434,-0.001292100924,0.001066275855,-0.001198104928,0.0007515103011,3.385765169e-05,0.004321777784,-0.0001757949668,-0.005476463063,-9.499261728e-05,0.00044372523,-0.001490102968}
82, 0.0118496, 0.0111464, {-0.0005034577434,-0.001292100924,0.001066275855,-0.001198104928,0.0007515103011,3.385765169e-05,0.004321777784,-0.0001757949668,-0.005476463063,-9.499261728e-05,0.00044372523,-0.001490102968}
83, 0.0117451, 0.0111397, {-0.0005299854313,-0.001262193118,0.001078409854,-0.001194257251,0.0007535203927,0.0001231023628,0.004321764377,-0.0001740979087,-0.005482716985,-5.883044867e-05,0.00033251042,-0.001491912156}
84, 0.0116153, 0.0111224, {-0.0004665723667,-0.001276290208,0.001064166424,-0.001190780403,0.0007499567305,6.72247686e-05,0.004321597488,-0.0001700177702,-0.005476662342,-9.120510445e-05,0.0004145341648,-0.001491203543}
85, 0.0115117, 0.0111163, {-0.0004885419347,-0.001259622598,0.001066834659,-0.001190869605,0.0007524830324,6.804999948e-05,0.00432166866,-0.0001582490361,-0.005476686431,-8.911037725e-05,0.0003944206871,-0.001491289166}
86, 0.0114549, 0.0111101, {-0.0004948932288,-0.001259207951,0.001064857183,-0.001194015353,0.000758852367,6.438796167e-05,0.00432166865,-0.0001702493582,-0.005477611491,-7.30961924e-05,0.0002866511138,-0.001495752395}
87, 0.0113896, 0.0111063, {-0.0004896879784,-0.001259344898,0.001066256211,-0.001191650109,0.0007531905882,6.784095145e-05,0.004321668655,-0.0001644178908,-0.005477372358,-7.614608106e-05,0.0002993470141,-0.001493410089}
88, 0.0113349, 0.0111061, {-0.0004803421223,-0.001264321278,0.001065215498,-0.001191957532,0.0007559411939,6.521862893e-05,0.004321652061,-0.000164014853,-0.005477347996,-7.369770641e-05,0.0002910021962,-0.001493010457}
89, 0.0112793, 0.0111061, {-0.0004803421223,-0.001264321278,0.001065215498,-0.001191957532,0.0007559411939,6.521862893e-05,0.004321652061,-0.000164014853,-0.005477347996,-7.369770641e-05,0.0002910021962,-0.001493010457}
90, 0.0112189, 0.0111035, {-0.0004729913694,-0.001263171804,0.001065667407,-0.001191208566,0.000750414914,6.783652595e-05,0.004321630625,-0.0001630874632,-0.005477249009,-8.679935044e-05,0.0003054519893,-0.00149185317}
91, 0.0112096, 0.0111001, {-0.0004700468569,-0.001256204759,0.001065817562,-0.001191433812,0.0007504133748,7.288943167e-05,0.004321625953,-0.0001600502768,-0.005476979049,-8.816260236e-05,0.0003191245484,-0.001490899067}
92, 0.0111955, 0.0110996, {-0.0004700511767,-0.001254219543,0.001067301196,-0.001191457656,0.0007504514169,8.980065714e-05,0.004321633979,-0.0001599976269,-0.005477034474,-8.7469017e-05,0.0003167821979,-0.001489977023}
93, 0.0111827, 0.0110986, {-0.0004717078409,-0.001257368969,0.001066458984,-0.001191855417,0.0007508438452,7.564164392e-05,0.004321650523,-0.0001600678644,-0.005477009355,-8.754577867e-05,0.0003017109839,-0.001489166984}
94, 0.0111647, 0.0110984, {-0.0004703700973,-0.001256486184,0.001065894074,-0.001191479965,0.0007507351971,7.150134663e-05,0.004321628152,-0.0001602662443,-0.005476986475,-8.395318654e-05,0.0003039429411,-0.001490841172}
95, 0.0111568, 0.0110977, {-0.000470188427,-0.001254443247,0.001066250526,-0.001191843166,0.0007504954251,7.945491865e-05,0.004321633935,-0.0001611503179,-0.005477050699,-8.408153392e-05,0.0003047876232,-0.001490082033}
96, 0.0111332, 0.0110972, {-0.0004707232597,-0.001255641375,0.001066323107,-0.001191921696,0.0007509275159,7.371963843e-05,0.004321642851,-0.0001606639896,-0.005477002096,-8.365136397e-05,0.0003022572617,-0.001488636164}
97, 0.0111262, 0.0110964, {-0.0004705227153,-0.001254359502,0.001066471594,-0.001191960489,0.0007510490949,7.135216547e-05,0.004321640791,-0.00016089107,-0.005477023759,-8.178560359e-05,0.0003012523321,-0.001488665459}
98, 0.0111197, 0.0110964, {-0.0004705227153,-0.001254359502,0.001066471594,-0.001191960489,0.0007510490949,7.135216547e-05,0.004321640791,-0.00016089107,-0.005477023759,-8.178560359e-05,0.0003012523321,-0.001488665459}
99, 0.011116, 0.0110962, {-0.0004705767576,-0.001254867464,0.001065814068,-0.001191631879,0.0007508058325,7.151661268e-05,0.004321637272,-0.00016020514,-0.0054769699,-8.382937957e-05,0.0003013947593,-0.001488893616}
100, 0.011114, 0.011096, {-0.0004705906385,-0.001254517564,0.001065706494,-0.001191602508,0.0007508189994,7.208030344e-05,0.004321637102,-0.0001607092157,-0.005477028467,-8.043796082e-05,0.0003008456575,-0.001488861392}
101, 0.0111111, 0.0104885, {-0.000266344673,-0.0009198042303,0.002980240124,-0.0008291103672,0.002597482016,-0.00279204914,0.002696624022,-0.002550964494,-0.002401651429,-0.001388162704,0.00106508603,-0.002287264508}
102, 0.0110998, 0.00651217, {-0.0003876015322,-0.001172376301,0.002418976454,-0.0008467619881,0.001210147507,-0.0001250159803,0.002958963566,-0.001875936216,-0.002691611355,-0.000887541321,0.0005806602301,-0.00161488146}
103, 0.0110283, 0.00577039, {-0.0004173986983,-0.001181266657,0.001166652202,-0.001154801545,0.0008250592892,-3.811709333e-05,0.003661157981,-0.0003156348139,-0.002828742255,-0.0001665776756,0.0004760455429,-0.001542832033}
104, 0.0107616, 0.00521325, {-0.0004098663149,-0.001130839919,0.001828743149,-0.0008900233151,0.001164563905,-1.282321276e-05,0.002953947093,-0.0005608955052,-0.002625745756,-0.0003906346265,0.0004151327503,-0.001754562719}
105, 0.0102397, 0.00521325, {-0.0004098663149,-0.001130839919,0.001828743149,-0.0008900233151,0.001164563905,-1.282321276e-05,0.002953947093,-0.0005608955052,-0.002625745756,-0.0003906346265,0.0004151327503,-0.001754562719}
106, 0.00955823, 0.004952, {-0.0004103309607,-0.001202324803,0.00126756094,-0.001034401863,0.001098383032,-3.664936201e-05,0.002971441453,-0.0005279715254,-0.002642280649,-0.0007961623593,0.0004144760683,-0.001602237787}
107, 0.00898749, 0.00472234, {-0.000466472652,-0.001217517517,0.001130328257,-0.0009097795264,0.0009238760763,-8.33302843e-06,0.003068414031,-0.0003187511896,-0.002652280504,-0.0002408186459,0.0003551494987,-0.001552148138}
108, 0.00849929, 0.00463696, {-0.0004356468278,-0.001079848126,0.001337058186,-0.001069028869,0.0008746980927,-0.0001164853509,0.002901442151,-0.0003307199698,-0.002595864978,-0.0004059449095,0.0005708513402,-0.001597227049}
109, 0.00803737, 0.0045351, {-0.0004680811081,-0.001170989483,0.001080640068,-0.000949491172,0.0008382943104,7.704805805e-05,0.003003060842,-0.0001649971043,-0.002653101178,-0.0001281022817,0.0003441399108,-0.001507332117}
110, 0.00754326, 0.00452863, {-0.0004383795618,-0.001165049664,0.001176052758,-0.001027650023,0.0009403789901,1.898844437e-05,0.002875733464,-0.0002314951019,-0.002644275721,-0.0002313587984,0.000419352051,-0.001552000424}
111, 0.0071701, 0.0044905, {-0.0004451576648,-0.001126294719,0.001180569872,-0.0009611852056,0.0008509559211,-1.391374284e-05,0.002893847356,-0.0002783344784,-0.002557249841,-0.0004143265904,0.0004992383363,-0.001647423043}
112, 0.00669019, 0.00445252, {-0.0004403337846,-0.00114324355,0.001177630603,-0.000991140088,0.0008627027789,-6.416245623e-06,0.002876772227,-0.0002555279572,-0.002573993989,-0.0003546759302,0.0004579829326,-0.00158964055}
113, 0.00632193, 0.00442133, {-0.0004402640761,-0.001121252482,0.00110741996,-0.00095440841,0.0008602787442,-6.63180084e-05,0.002887864908,-0.0002085232392,-0.002646509238,-0.0002693522635,0.0003765274897,-0.001533573397}
114, 0.00603407, 0.00437941, {-0.0004595518468,-0.001130106673,0.001108111446,-0.0009636340786,0.0008521642094,-6.919087302e-05,0.002890804173,-0.0002150204938,-0.002561025023,-0.0004079548748,0.0004543744409,-0.001537657625}
115, 0.00569756, 0.00436478, {-0.0004593665384,-0.001123996976,0.001108027517,-0.0009621221144,0.0008545924406,-6.677903167e-05,0.002887970725,-0.0002127784928,-0.002562483405,-0.0003964345556,0.0004142366974,-0.001535545751}
116, 0.0054267, 0.00435838, {-0.0004519393894,-0.001121407701,0.001107499092,-0.0009559710957,0.0008570754363,-6.665577873e-05,0.002887928389,-0.000212003066,-0.002564168221,-0.0003929234533,0.0003980070623,-0.001534543955}
117, 0.00526367, 0.00435061, {-0.0004440340058,-0.001123640243,0.001107787639,-0.000958601769,0.0008580613099,-6.907298307e-05,0.002889004947,-0.0002149828331,-0.002566776243,-0.0002895664412,0.0004012536072,-0.001535289194}
118, 0.00502968, 0.00433108, {-0.0004623405299,-0.001124174668,0.001115374183,-0.0009519639084,0.0008532039155,2.097543189e-05,0.002887985375,-0.0002394084303,-0.002572812856,-0.0002093476147,0.0003494600433,-0.001513931733}
119, 0.00485436, 0.00433108, {-0.0004623405299,-0.001124174668,0.001115374183,-0.0009519639084,0.0008532039155,2.097543189e-05,0.002887985375,-0.0002394084303,-0.002572812856,-0.0002093476147,0.0003494600433,-0.001513931733}
120, 0.004752, 0.00432066, {-0.0004568166175,-0.0011250733,0.001108751602,-0.0009512635752,0.000847772599,1.08450223e-05,0.002888409546,-0.0001992328997,-0.002573008341,-0.0001979815488,0.0003625976702,-0.001509164529}
121, 0.0046436, 0.0043132, {-0.0004580907337,-0.001128195056,0.001109256615,-0.0009524210952,0.0008521196727,3.313409696e-05,0.002878928174,-0.0002029527008,-0.002568697887,-0.0001807935052,0.000389864333,-0.001510449843}
122, 0.00458514, 0.0043106, {-0.0004597752697,-0.001129716758,0.001117732814,-0.000956067914,0.0008539019605,2.883746613e-06,0.00287770513,-0.0002229625233,-0.00256287269,-0.0001647153019,0.000358608494,-0.00151423455}
123, 0.00451015, 0.0043106, {-0.0004597752697,-0.001129716758,0.001117732814,-0.000956067914,0.0008539019605,2.883746613e-06,0.00287770513,-0.0002229625233,-0.00256287269,-0.0001647153019,0.000358608494,-0.00151423455}
124, 0.0044795, 0.00430697, {-0.0004594815769,-0.001129272142,0.001112149857,-0.000952539824,0.0008534425239,3.04481843e-06,0.002878009665,-0.0002157901777,-0.00256352675,-0.0001833705132,0.0003605483787,-0.00151196784}
125, 0.00443643, 0.00430547, {-0.0004594220262,-0.001125442963,0.001106420676,-0.0009527634249,0.000853885165,-1.626721166e-05,0.002879171061,-0.0002098052491,-0.00256363551,-0.000184927376,0.0003606241561,-0.001514305647}
126, 0.00441795, 0.00430547, {-0.0004594220262,-0.001125442963,0.001106420676,-0.0009527634249,0.000853885165,-1.626721166e-05,0.002879171061,-0.0002098052491,-0.00256363551,-0.000184927376,0.0003606241561,-0.001514305647}
127, 0.00439795, 0.00430492, {-0.0004499214674,-0.001127064767,0.001106118052,-0.0009529663305,0.0008536962519,-2.821212051e-06,0.002878833616,-0.0002169400263,-0.00256375252,-0.0001822502618,0.0003594808156,-0.001515352005}
128, 0.00438119, 0.00430425, {-0.0004555062511,-0.001126909692,0.001109178541,-0.0009527827125,0.0008534421047,3.394438871e-06,0.002878125738,-0.0002151248649,-0.002563569873,-0.0001832493479,0.0003616533297,-0.00151197969}
129, 0.00436674, 0.00430403, {-0.0004520119196,-0.001125595765,0.001106731715,-0.0009528476479,0.000854261913,-7.334015918e-06,0.002879204515,-0.0002106596649,-0.002563675628,-0.0001826719919,0.0003612136905,-0.001513476981}
130, 0.00435838, 0.0043033, {-0.0004529910602,-0.001126372472,0.001106422044,-0.0009527909501,0.0008534514932,3.95136737e-06,0.00287877416,-0.0002146686007,-0.002563718647,-0.000182784107,0.0003620678723,-0.001512091038}
131, 0.00434602, 0.00430299, {-0.000453764947,-0.001126034729,0.001105848218,-0.0009527680464,0.000853781273,-6.19183953e-06,0.002878250625,-0.0002152165599,-0.002563780134,-0.0001854465036,0.0003615122555,-0.001512449118}
132, 0.004332, 0.00430271, {-0.0004494708489,-0.001126970838,0.001106786395,-0.0009542168678,0.0008538139383,-1.170808606e-07,0.002878658862,-0.000217642252,-0.002563769768,-0.0001579007367,0.0003523904164,-0.001515138326}
133, 0.00432401, 0.00430168, {-0.0004505093271,-0.001126930547,0.001106838802,-0.0009531552228,0.0008537366717,2.876080971e-06,0.002878686412,-0.0002174056934,-0.002563799919,-0.0001611368359,0.0003552447035,-0.001512745252}
134, 0.0043209, 0.00430099, {-0.0004497151191,-0.001126769443,0.001105982915,-0.0009523943947,0.0008538134781,7.020094829e-07,0.002878422395,-0.0002136942692,-0.002563797417,-0.0001632934761,0.0003589159686,-0.001512942734}
135, 0.0043177, 0.00430048, {-0.0004495217659,-0.001126497149,0.001106774404,-0.0009541823757,0.0008537867497,-4.939102775e-06,0.002878715658,-0.0002155668475,-0.002563776742,-0.0001582320096,0.0003525553717,-0.001511911146}
136, 0.00431241, 0.00430048, {-0.0004495217659,-0.001126497149,0.001106774404,-0.0009541823757,0.0008537867497,-4.939102775e-06,0.002878715658,-0.0002155668475,-0.002563776742,-0.0001582320096,0.0003525553717,-0.001511911146}
137, 0.00430997, 0.00366399, {-0.0004943009458,-0.0008965803513,-0.001533027637,-0.00200968718,0.0009218039535,-0.0004618852779,0.001877425865,-0.0004642173135,-0.001956570954,0.0003642215573,-2.523116572e-05,-0.001505545451}
138, 0.0043042, 0.00269706, {-0.0004782602494,-0.001022000282,0.0005633776592,-0.0009891868269,0.0009170250349,-4.711894696e-05,0.001912954156,-0.0004522229312,-0.002006583942,3.487690833e-05,0.0001342083226,-0.001507638172}
139, 0.00428717, 0.00269706, {-0.0004782602494,-0.001022000282,0.0005633776592,-0.0009891868269,0.0009170250349,-4.711894696e-05,0.001912954156,-0.0004522229312,-0.002006583942,3.487690833e-05,0.0001342083226,-0.001507638172}
140, 0.00421316, 0.00269706, {-0.0004782602494,-0.001022000282,0.0005633776592,-0.0009891868269,0.0009170250349,-4.711894696e-05,0.001912954156,-0.0004522229312,-0.002006583942,3.487690833e-05,0.0001342083226,-0.001507638172}
141, 0.00407252, 0.00267923, {-0.0004779702799,-0.0009923245635,0.0002505681261,-0.001041934161,0.0009102863873,-0.0002109411099,0.001931393443,-0.0003421232003,-0.002026375312,3.476822253e-06,0.0001728542582,-0.001512190337}
142, 0.0038972, 0.00267366, {-0.00045365112,-0.0009877207057,0.0001342950457,-0.001037524425,0.000881302912,-0.0002399601598,0.001940493605,-0.0003368764407,-0.002039348879,-1.819386412e-05,0.0001802470652,-0.001515204964}
143, 0.00373099, 0.00259102, {-0.0004840037693,-0.0009475476703,0.0001913401098,-0.001026040304,0.0008871568791,-6.185329709e-05,0.001919977906,-0.0004219728212,-0.001969904278,5.093684862e-05,0.0001544915379,-0.001508806802}
144, 0.00358484, 0.00259102, {-0.0004840037693,-0.0009475476703,0.0001913401098,-0.001026040304,0.0008871568791,-6.185329709e-05,0.001919977906,-0.0004219728212,-0.001969904278,5.093684862e-05,0.0001544915379,-0.001508806802}
145, 0.00344385, 0.00257878, {-0.0004840044327,-0.0009119453556,-4.098724553e-05,-0.001056983105,0.0008739019467,-9.251807555e-05,0.001922242195,-0.000400211401,-0.001966948238,0.0001135385678,0.0001643725261,-0.001509135111}
146, 0.00332333, 0.0025742, {-0.000482102303,-0.0009125808829,6.400844326e-05,-0.001040605803,0.0008827617181,-0.000136025273,0.001919739223,-0.0003780113883,-0.001969433801,0.0001275143512,0.0001622376861,-0.001508624479}
147, 0.00321276, 0.00256873, {-0.0004823595616,-0.0009129931686,6.869029814e-05,-0.001031703293,0.0008835344637,-9.034830456e-05,0.001919904847,-0.0003846386489,-0.00196951377,9.414995242e-05,0.0001598444231,-0.001508744118}
148, 0.00311383, 0.00255708, {-0.00046961861,-0.0009191989397,4.494747474e-05,-0.000997719178,0.0008798370783,-0.000110992939,0.001920963827,-0.0003768833014,-0.001972379914,7.633635868e-05,0.0001823252809,-0.001509401317}
149, 0.00300389, 0.00255708, {-0.00046961861,-0.0009191989397,4.494747474e-05,-0.000997719178,0.0008798370783,-0.000110992939,0.001920963827,-0.0003768833014,-0.001972379914,7.633635868e-05,0.0001823252809,-0.001509401317}
150, 0.00291659, 0.002551, {-0.0004765194822,-0.0009215869339,4.712417194e-05,-0.001000830336,0.0008835658812,-0.0001020857059,0.001910413141,-0.000386947929,-0.001970220615,5.840820925e-05,0.0001563366755,-0.001509323253}
151, 0.00285823, 0.00254844, {-0.0004765168052,-0.0009168901667,2.303040384e-05,-0.00100153351,0.0008816463219,-0.000101734766,0.001913631634,-0.0003877778407,-0.001968363736,4.1518293e-05,0.0001405179994,-0.001509398452}
152, 0.00281357, 0.0025483, {-0.0004705533204,-0.0009201399689,4.431603707e-05,-0.0009980819386,0.0008789459553,-0.0001193636563,0.001909170281,-0.0003798939253,-0.001972421704,6.844218869e-05,0.0001709682705,-0.001509394588}
153, 0.00275817, 0.002544, {-0.0004780694683,-0.0009109019297,-5.116882093e-06,-0.001006915876,0.0008689918775,-0.00012948587,0.001910554849,-0.0003723103034,-0.00197064017,6.941279352e-05,0.0001545232972,-0.001509347937}
154, 0.00272836, 0.00254226, {-0.00046959995,-0.0009217208313,1.714648647e-05,-0.0009880039764,0.0008787644092,-0.0001192394797,0.001911754376,-0.0003641234723,-0.001970586074,7.107845534e-05,0.0001649927747,-0.001509497837}
155, 0.0026964, 0.00253964, {-0.000474618792,-0.0009121751087,-6.110670328e-06,-0.000991670793,0.0008769294838,-9.411545518e-05,0.001911177898,-0.000369854951,-0.001973269349,3.921864278e-05,0.0001454355852,-0.00150887449}
156, 0.00265887, 0.00253888, {-0.0004816220926,-0.0009109543334,-2.60760991e-05,-0.000991698762,0.0008684982967,-0.0001174667846,0.001912667748,-0.0003696312574,-0.001971332503,7.451728537e-05,0.0001358845031,-0.001509401285}
157, 0.00263698, 0.00253734, {-0.000473863254,-0.0009118049246,3.674090535e-06,-0.0009932196873,0.000869022151,-0.0001095964098,0.001910553418,-0.0003756431162,-0.001970671093,5.822876762e-05,0.0001535366359,-0.001509364742}
158, 0.00261316, 0.00253693, {-0.0004738521946,-0.0009114390651,-1.277029141e-06,-0.0009914524158,0.0008695399651,-0.0001229545645,0.001910776248,-0.0003689525439,-0.001970646512,6.719436936e-05,0.0001565112805,-0.001509465475}
159, 0.00260097, 0.00253598, {-0.0004750531489,-0.0009140725965,5.440911956e-06,-0.0009893015071,0.0008712087918,-0.000109836172,0.001911276492,-0.0003673202201,-0.001970586769,5.014368228e-05,0.0001456750001,-0.001508943126}
160, 0.00258836, 0.00253538, {-0.0004741982703,-0.0009119802774,1.130163198e-05,-0.0009895587513,0.0008714942546,-0.0001062669551,0.001910987172,-0.0003697534414,-0.001970546449,5.03110741e-05,0.0001462387937,-0.001509132133}
161, 0.00257819, 0.00253538, {-0.0004741982703,-0.0009119802774,1.130163198e-05,-0.0009895587513,0.0008714942546,-0.0001062669551,0.001910987172,-0.0003697534414,-0.001970546449,5.03110741e-05,0.0001462387937,-0.001509132133}
162, 0.00257351, 0.00253493, {-0.0004711229053,-0.0009118012336,1.826314083e-05,-0.0009912081729,0.000869892661,-9.657358272e-05,0.001911165676,-0.000370090821,-0.001970308798,4.845107131e-05,0.0001513904773,-0.001509438524}
163, 0.0025657, 0.0025349, {-0.000476434611,-0.0009117783709,-5.66733389e-07,-0.0009894449751,0.0008690530519,-0.0001131174691,0.001910859127,-0.0003678731696,-0.00197049527,5.337994051e-05,0.000147677148,-0.001509223725}
164, 0.00255951, 0.00253462, {-0.0004728339707,-0.0009116537162,8.692547216e-06,-0.0009900606281,0.0008698689922,-0.0001098625642,0.001911313046,-0.0003696346123,-0.001970280346,4.865763596e-05,0.0001447764422,-0.001509016653}
165, 0.00255508, 0.00253441, {-0.000471879427,-0.0009110636939,9.308469107e-06,-0.0009902432596,0.0008698550593,-0.0001100290988,0.001911378689,-0.0003702590866,-0.001970264554,4.856326766e-05,0.000142191214,-0.001509230553}
166, 0.0025503, 0.00253405, {-0.0004735856772,-0.0009115342958,1.07240714e-05,-0.0009886213964,0.0008698769414,-0.0001099918364,0.001911172225,-0.0003680223097,-0.001970407091,5.115966e-05,0.00014477525,-0.001509136813}
167, 0.00254839, 0.00253386, {-0.000474300572,-0.0009112502603,1.760083337e-05,-0.0009886990441,0.0008695268363,-0.0001128639528,0.001910886905,-0.0003674997278,-0.001970439562,5.21907496e-05,0.0001434441844,-0.001509190207}
168, 0.00254646, 0.00253352, {-0.0004720775661,-0.0009110969205,1.400181567e-05,-0.0009888746694,0.0008697998275,-0.0001124014623,0.001910897099,-0.0003679275594,-0.001970343309,5.158551908e-05,0.0001427337903,-0.001509308934}
169, 0.00254263, 0.00253341, {-0.0004724194177,-0.0009112180039,8.788240119e-06,-0.0009888140513,0.0008694740999,-0.000109856142,0.001910982362,-0.0003694236363,-0.001970265058,5.018365007e-05,0.0001433291411,-0.001509008758}
170, 0.0025398, 0.00253333, {-0.0004728191216,-0.0009114278965,8.513086413e-06,-0.0009890934458,0.0008692293333,-0.0001038014189,0.001910976824,-0.0003690140043,-0.001970300155,5.02817148e-05,0.0001436626977,-0.001509046369}
171, 0.00253718, 0.00253313, {-0.0004730452276,-0.0009113657702,8.746378891e-06,-0.0009888411623,0.0008691835428,-0.0001009481769,0.001910960664,-0.0003691809226,-0.001970303672,5.046623608e-05,0.0001437040076,-0.001509027501}
172, 0.00253649, 0.00253309, {-0.000472534228,-0.0009111420545,1.399634658e-05,-0.0009890906708,0.0008691730929,-0.0001011231059,0.00191095789,-0.0003682341474,-0.001970343266,5.083670036e-05,0.0001428305323,-0.001509288773}
173, 0.00253593, 0.00253303, {-0.0004723023086,-0.0009111452826,1.293477596e-05,-0.0009890850591,0.0008692347223,-0.0001017965204,0.001911011697,-0.0003677733886,-0.001970375489,5.06653361e-05,0.0001426895991,-0.001509225407}
174, 0.00253561, 0.00253292, {-0.0004721447582,-0.0009110810412,9.310092146e-06,-0.0009889483436,0.0008692885885,-0.0001030069213,0.001911025368,-0.0003683550304,-0.001970290006,5.039003105e-05,0.0001431913562,-0.001509045045}
175, 0.00253511, 0.00253287, {-0.0004721695286,-0.0009111761538,8.917299351e-06,-0.0009889538129,0.0008692000381,-0.0001015983012,0.001910968215,-0.0003684327571,-0.001970306791,5.025908422e-05,0.000143447888,-0.001509045111}
176, 0.00253511, 0.00253281, {-0.00047227572,-0.0009111571384,1.256110385e-05,-0.0009889613021,0.0008691660813,-0.0001013046575,0.00191096613,-0.0003678083373,-0.001970364268,5.041483786e-05,0.0001428384995,-0.001509069253}
177, 0.00253439, 0.00253281, {-0.00047227572,-0.0009111571384,1.256110385e-05,-0.0009889613021,0.0008691660813,-0.0001013046575,0.00191096613,-0.0003678083373,-0.001970364268,5.041483786e-05,0.0001428384995,-0.001509069253}
