0, 91.2117, 39.2151, {-1.785702573,0.6450791844,-0.9096097163,-3.024596379,-0.01506525977}
1, 85.1777, 27.8889, {-0.9645675907,-1.762395882,0.9897110753,0.2369481921,-1.123963715}
2, 78.0074, 16.8489, {0.0262409611,-0.984684117,-1.150438277,-2.073367444,2.057775259}
3, 69.1601, 16.8489, {0.0262409611,-0.984684117,-1.150438277,-2.073367444,2.057775259}
4, 59.894, 13.4998, {-0.9257692939,-1.005950877,1.051774205,-0.8477585213,-1.120109408}
5, 52.8893, 12.6259, {0.0125459182,-0.004090053692,0.0878570747,-0.2186935655,0.1263434711}
6, 46.9035, 8.68123, {-1.09295214,0.05458920536,-0.1279671233,0.007473677364,-0.1061505765}
7, 39.2163, 8.68123, {-1.09295214,0.05458920536,-0.1279671233,0.007473677364,-0.1061505765}
8, 34.2662, 4.18066, {-1.271952244e-05,-0.07136709186,-0.01650923017,0.02524655606,-0.1263853033}
9, 29.1691, 4.18066, {-1.271952244e-05,-0.07136709186,-0.01650923017,0.02524655606,-0.1263853033}
10, 25.6841, 4.18066, {-1.271952244e-05,-0.07136709186,-0.01650923017,0.02524655606,-0.1263853033}
11, 21.0923, 3.81998, {0.01575474077,0.001349696471,-0.01399425744,0.07198154687,-0.1199133483}
12, 18.1886, 3.04384, {0.01118953155,-0.03684037571,-0.00920247304,0.01974981188,-0.1184227705}
13, 16.3093, 2.67354, {0.02904950854,-0.009651769014,0.08913921025,0.0403946736,-0.05666250713}
14, 15.3128, 1.34859, {-0.03521659593,0.02779992935,0.003920098315,-0.0635692538,-0.02811289184}
15, 12.6285, 0.140077, {-0.01689560819,-0.01369101883,-0.007036460007,-0.008878002058,-0.01026025914}
16, 11.4652, 0.140077, {-0.01689560819,-0.01369101883,-0.007036460007,-0.008878002058,-0.01026025914}
17, 10.8324, 0.140077, {-0.01689560819,-0.01369101883,-0.007036460007,-0.008878002058,-0.01026025914}
18, 8.84929, 0.0910191, {-0.004423018055,-0.01364532197,-0.002824017273,-0.006979926653,-0.01402072898}
19, 7.45977, 0.0634761, {-0.003730575469,0.004884112299,0.002990815959,-0.009557804371,-0.01349158014}
20, 5.35226, 0.0507412, {-9.762575756e-05,0.01300541847,0.002182823883,-0.007624797636,0.004880178852}
21, 3.62584, 0.0323216, {-0.004737322668,0.003200539055,0.001263246401,-0.01015994844,-0.005044890678}
22, 2.72947, 0.0138153, {-0.002258513284,-0.001270880937,0.001581462511,-0.007307645005,-0.002650871511}
23, 1.7611, 0.0119929, {-0.00324935123,-0.0006192925693,0.003716697155,-0.005026933351,-0.0032292942}
24, 1.46783, 0.00643094, {-0.0006137269803,-0.0005147632557,0.0005415365433,-0.004461970174,-0.003401905895}
25, 1.61077, 0.00643094, {-0.0006137269803,-0.0005147632557,0.0005415365433,-0.004461970174,-0.003401905895}
26, 1.23303, 0.00643094, {-0.0006137269803,-0.0005147632557,0.0005415365433,-0.004461970174,-0.003401905895}
27, 0.816146, 0.00441815, {-0.001174934785,0.0008723809264,0.000572180822,-0.002221918151,-0.003855486667}
28, 0.616619, 0.0029079, {-0.001481762123,-0.0002277358297,0.0005562581612,-0.002688074497,-0.002207924861}
29, 0.275941, 0.0029079, {-0.001481762123,-0.0002277358297,0.0005562581612,-0.002688074497,-0.002207924861}
30, 0.291984, 0.00286734, {-0.001177005455,5.441090151e-05,0.0005698530295,-0.002522390398,-0.002525402272}
31, 0.274829, 0.00279166, {-0.0007764330395,0.001277877599,0.00165500292,-0.003016073031,1.375849142e-05}
32, 0.183516, 0.00233235, {-0.0009121201358,0.0003908062757,0.001712499901,-0.002612952556,-0.001005781644}
33, 0.0726402, 0.00203785, {-0.001055031441,0.0009742139172,0.0008286526153,-0.00274271552,-2.631771605e-05}
34, 0.0299045, 0.00176141, {-0.0009171213942,-0.0001768679501,0.0007653090683,-0.002714343098,-0.0002298754446}
35, 0.0278272, 0.00151476, {-0.0009950859506,0.000116459209,0.0007149119152,-0.002277182223,-0.0009668764954}
36, 0.0219299, 0.00151476, {-0.0009950859506,0.000116459209,0.0007149119152,-0.002277182223,-0.0009668764954}
37, 0.0124523, 0.00148331, {-0.0009365331285,-0.0001189391511,0.0007379553161,-0.002395237811,-0.0005511901043}
38, 0.0131652, 0.00146218, {-0.0008390059044,0.0002258052826,0.0007127805765,-0.002416070185,-0.0005195120462}
39, 0.00686446, 0.00133331, {-0.0008662672017,0.0006245692394,0.0006113009348,-0.002263508162,-0.0002881448319}
40, 0.0062291, 0.0013189, {-0.0008380008566,0.0001742294265,0.0007146754061,-0.002283587918,-0.0004358055381}
41, 0.00277584, 0.0013189, {-0.0008380008566,0.0001742294265,0.0007146754061,-0.002283587918,-0.0004358055381}
42, 0.00287566, 0.00130534, {-0.0008467985646,0.000253634019,0.0006560298853,-0.002291312567,-0.0003432116623}
43, 0.00261404, 0.00130534, {-0.0008467985646,0.000253634019,0.0006560298853,-0.002291312567,-0.0003432116623}
44, 0.002614, 0.00128518, {-0.0008352741109,0.0002801546281,0.0006316121595,-0.002282191731,-0.0003075152867}
45, 0.0021287, 0.00128518, {-0.0008352741109,0.0002801546281,0.0006316121595,-0.002282191731,-0.0003075152867}
46, 0.00215644, 0.00128446, {-0.0008773678715,0.0001768768001,0.0006356828412,-0.002278594554,-0.0002780135694}
47, 0.00188463, 0.0012695, {-0.0008745156246,0.0001760584763,0.0006156629162,-0.002269536391,-0.0002709428225}
48, 0.00159642, 0.00126797, {-0.000836420641,0.0002616298574,0.00062247098,-0.002271577968,-0.0002752342659}
49, 0.00173034, 0.00126505, {-0.0008326539502,0.0002025844707,0.0006188878379,-0.002276778121,-0.0002747872127}
50, 0.00164729, 0.00126505, {-0.0008326539502,0.0002025844707,0.0006188878379,-0.002276778121,-0.0002747872127}
51, 0.0015518, 0.00126274, {-0.0008355262392,0.0002015458374,0.0006416933116,-0.002266875617,-0.0002751686217}
52, 0.00151699, 0.00126274, {-0.0008355262392,0.0002015458374,0.0006416933116,-0.002266875617,-0.0002751686217}
53, 0.00142481, 0.00126046, {-0.0008204890354,0.0001926612622,0.0006218394163,-0.002276385416,-0.0002729802165}
54, 0.00147614, 0.00125428, {-0.0008270597806,0.0001813835729,0.0006225774231,-0.002267875517,-0.0002729950138}
55, 0.00144547, 0.00125428, {-0.0008270597806,0.0001813835729,0.0006225774231,-0.002267875517,-0.0002729950138}
56, 0.00146131, 0.00125423, {-0.0008280575175,0.0001812515356,0.0006165645306,-0.002269333989,-0.0002711631918}
57, 0.00136778, 0.00125423, {-0.0008280575175,0.0001812515356,0.0006165645306,-0.002269333989,-0.0002711631918}
58, 0.00134392, 0.00125416, {-0.0008259436882,0.0001820223199,0.0006225775905,-0.00226808695,-0.000273060472}
59, 0.00130056, 0.00125353, {-0.0008274641984,0.0001846800437,0.0006167834367,-0.00226824056,-0.0002727091256}
60, 0.00128791, 0.000555238, {0.0007187519763,6.6281735e-05,0.0007003902492,-0.0001155048872,0.001331846253}
61, 0.00123923, 0.000196867, {-0.0004849360961,0.0001622881998,0.0006902444293,-0.0005043584978,1.018640405e-06}
62, 0.00119053, 0.000196867, {-0.0004849360961,0.0001622881998,0.0006902444293,-0.0005043584978,1.018640405e-06}
63, 0.0011377, 0.000170878, {-0.0001861824347,9.963250102e-05,0.0006318563166,-0.0006455304121,-2.784987423e-05}
64, 0.00101657, 0.000170878, {-0.0001861824347,9.963250102e-05,0.0006318563166,-0.0006455304121,-2.784987423e-05}
65, 0.000829406, 0.000166578, {-0.0003307761031,0.0001014739014,0.0006546552635,-0.0005371293511,-5.340256426e-05}
66, 0.000727212, 0.000159624, {-0.0002269224485,0.0001894879559,0.0006787336428,-0.0004317170431,0.0002648219655}
67, 0.000615674, 0.000128212, {-2.982098996e-05,0.0001645480126,0.0006379713913,-0.0004490967692,9.796634428e-05}
68, 0.000544927, 0.000128212, {-2.982098996e-05,0.0001645480126,0.0006379713913,-0.0004490967692,9.796634428e-05}
69, 0.000467381, 0.000128212, {-2.982098996e-05,0.0001645480126,0.0006379713913,-0.0004490967692,9.796634428e-05}
70, 0.000432827, 0.000128212, {-2.982098996e-05,0.0001645480126,0.0006379713913,-0.0004490967692,9.796634428e-05}
71, 0.000332384, 0.000128212, {-2.982098996e-05,0.0001645480126,0.0006379713913,-0.0004490967692,9.796634428e-05}
72, 0.000271752, 0.000128168, {-3.626462416e-05,0.0001561574196,0.0006380422912,-0.0004515665593,9.655650527e-05}
73, 0.000269311, 0.000128168, {-3.626462416e-05,0.0001561574196,0.0006380422912,-0.0004515665593,9.655650527e-05}
74, 0.000253202, 0.000128168, {-3.626462416e-05,0.0001561574196,0.0006380422912,-0.0004515665593,9.655650527e-05}
75, 0.000241849, 0.000127701, {-3.513341064e-05,0.0001495538271,0.0006379743755,-0.0004514678386,9.616038809e-05}
76, 0.000203726, 0.00012761, {-3.466359428e-05,0.0001505259981,0.0006380058627,-0.0004504940878,9.678744999e-05}
77, 0.000180296, 0.000127245, {-3.026262728e-05,0.000154806253,0.0006380032998,-0.0004525414481,6.827733276e-05}
78, 0.000164495, 0.00012709, {-3.06141693e-05,0.0001593795841,0.0006380101233,-0.000450025062,6.841327829e-05}
79, 0.00015757, 0.000126174, {-4.594695784e-05,0.0001450475033,0.0006381036739,-0.0004479785801,7.052586287e-05}
80, 0.000157916, 0.000126174, {-4.594695784e-05,0.0001450475033,0.0006381036739,-0.0004479785801,7.052586287e-05}
81, 0.000150625, 0.00012476, {-3.651802035e-05,0.0001117744568,0.0006401878716,-0.0004515916586,3.544169609e-05}
82, 0.000146937, 0.00012463, {-3.858841006e-05,0.0001163407269,0.0006398283396,-0.0004487187181,4.948363837e-05}
83, 0.000142521, 0.000124603, {-3.730360541e-05,0.0001139214814,0.000639981721,-0.0004502431855,3.741969546e-05}
84, 0.000139851, 0.000124551, {-3.863434343e-05,0.000112646222,0.0006384082869,-0.000450956798,5.192427711e-05}
85, 0.000148654, 0.00012454, {-3.652890103e-05,0.0001132589188,0.0006396197529,-0.0004507825716,3.558085869e-05}
86, 0.000153349, 0.000124455, {-3.585116516e-05,0.0001141316273,0.0006391218651,-0.0004505611964,3.903119352e-05}
87, 0.000148895, 0.00012439, {-4.051065598e-05,0.000114783728,0.0006383649649,-0.0004503022537,4.348487244e-05}
88, 0.000139219, 0.000124361, {-3.715256478e-05,0.000115157385,0.0006386806184,-0.0004500207533,4.208210243e-05}
89, 0.000137573, 0.000124337, {-3.737233115e-05,0.0001134382557,0.0006387197391,-0.0004505453948,3.880686225e-05}
90, 0.000132809, 0.00012427, {-3.804735592e-05,0.0001147488267,0.0006385899919,-0.0004499184935,3.931974257e-05}
91, 0.000126148, 0.000124174, {-3.638447162e-05,0.0001131160418,0.0006384843198,-0.0004500521547,3.968315921e-05}
92, 0.000125736, 0.000124158, {-3.800673335e-05,0.0001129861994,0.0006385064743,-0.0004500865983,3.665263803e-05}
93, 0.000125667, 0.000124158, {-3.800673335e-05,0.0001129861994,0.0006385064743,-0.0004500865983,3.665263803e-05}
94, 0.000125429, 0.000124158, {-3.800673335e-05,0.0001129861994,0.0006385064743,-0.0004500865983,3.665263803e-05}
95, 0.000125384, 0.000124158, {-3.800673335e-05,0.0001129861994,0.0006385064743,-0.0004500865983,3.665263803e-05}
96, 0.000125213, 0.000124131, {-3.760647908e-05,0.0001133383874,0.0006383357111,-0.0004500211498,3.786439125e-05}
97, 0.000124729, 0.000124131, {-3.760647908e-05,0.0001133383874,0.0006383357111,-0.0004500211498,3.786439125e-05}
98, 0.000124755, 0.00012413, {-3.768277857e-05,0.0001133255911,0.0006383529856,-0.0004500021992,3.770738593e-05}
99, 0.000124647, 0.000124116, {-3.741753682e-05,0.0001130670748,0.0006383611165,-0.0004500235124,3.739999076e-05}
100, 0.000124611, 0.000124111, {-3.752759348e-05,0.0001132017776,0.0006383129663,-0.000449954957,3.820012063e-05}
101, 0.000124607, 0.000124111, {-3.756942568e-05,0.000113226275,0.0006383181753,-0.0004499522965,3.801369583e-05}
